0.00 0.00 -0.71
0.01 0.06 -0.75
0.02 0.13 -0.79
0.03 0.19 -0.83
0.04 0.25 -0.86
0.05 0.31 -0.89
0.06 0.37 -0.92
0.07 0.43 -0.94
0.08 0.48 -0.96
0.09 0.54 -0.98
0.10 0.59 -0.99
0.11 0.64 -1.00
0.12 0.68 -1.00
0.13 0.73 -1.00
0.14 0.77 -1.00
0.15 0.81 -0.99
0.16 0.84 -0.98
0.17 0.88 -0.96
0.18 0.90 -0.94
0.19 0.93 -0.92
0.20 0.95 -0.89
0.21 0.97 -0.86
0.22 0.98 -0.83
0.23 0.99 -0.79
0.24 1.00 -0.75
0.25 1.00 -0.71
0.26 1.00 -0.66
0.27 0.99 -0.61
0.28 0.98 -0.56
0.29 0.97 -0.51
0.30 0.95 -0.45
0.31 0.93 -0.40
0.32 0.90 -0.34
0.33 0.88 -0.28
0.34 0.84 -0.22
0.35 0.81 -0.16
0.36 0.77 -0.09
0.37 0.73 -0.03
0.38 0.68 0.03
0.39 0.64 0.09
0.40 0.59 0.16
0.41 0.54 0.22
0.42 0.48 0.28
0.43 0.43 0.34
0.44 0.37 0.40
0.45 0.31 0.45
0.46 0.25 0.51
0.47 0.19 0.56
0.48 0.13 0.61
0.49 0.06 0.66
0.50 0.00 0.71
0.51 -0.06 0.75
0.52 -0.13 0.79
0.53 -0.19 0.83
0.54 -0.25 0.86
0.55 -0.31 0.89
0.56 -0.37 0.92
0.57 -0.43 0.94
0.58 -0.48 0.96
0.59 -0.54 0.98
0.60 -0.59 0.99
0.61 -0.64 1.00
0.62 -0.68 1.00
0.63 -0.73 1.00
0.64 -0.77 1.00
0.65 -0.81 0.99
0.66 -0.84 0.98
0.67 -0.88 0.96
0.68 -0.90 0.94
0.69 -0.93 0.92
0.70 -0.95 0.89
0.71 -0.97 0.86
0.72 -0.98 0.83
0.73 -0.99 0.79
0.74 -1.00 0.75
0.75 -1.00 0.71
0.76 -1.00 0.66
0.77 -0.99 0.61
0.78 -0.98 0.56
0.79 -0.97 0.51
0.80 -0.95 0.45
0.81 -0.93 0.40
0.82 -0.90 0.34
0.83 -0.88 0.28
0.84 -0.84 0.22
0.85 -0.81 0.16
0.86 -0.77 0.09
0.87 -0.73 0.03
0.88 -0.68 -0.03
0.89 -0.64 -0.09
0.90 -0.59 -0.16
0.91 -0.54 -0.22
0.92 -0.48 -0.28
0.93 -0.43 -0.34
0.94 -0.37 -0.40
0.95 -0.31 -0.45
0.96 -0.25 -0.51
0.97 -0.19 -0.56
0.98 -0.13 -0.61
0.99 -0.06 -0.66
1.00 -0.00 -0.71
1.01 0.06 -0.75
1.02 0.13 -0.79
1.03 0.19 -0.83
1.04 0.25 -0.86
1.05 0.31 -0.89
1.06 0.37 -0.92
1.07 0.43 -0.94
1.08 0.48 -0.96
1.09 0.54 -0.98
1.10 0.59 -0.99
1.11 0.64 -1.00
1.12 0.68 -1.00
1.13 0.73 -1.00
1.14 0.77 -1.00
1.15 0.81 -0.99
1.16 0.84 -0.98
1.17 0.88 -0.96
1.18 0.90 -0.94
1.19 0.93 -0.92
1.20 0.95 -0.89
1.21 0.97 -0.86
1.22 0.98 -0.83
1.23 0.99 -0.79
1.24 1.00 -0.75
1.25 1.00 -0.71
1.26 1.00 -0.66
1.27 0.99 -0.61
1.28 0.98 -0.56
1.29 0.97 -0.51
1.30 0.95 -0.45
1.31 0.93 -0.40
1.32 0.90 -0.34
1.33 0.88 -0.28
1.34 0.84 -0.22
1.35 0.81 -0.16
1.36 0.77 -0.09
1.37 0.73 -0.03
1.38 0.68 0.03
1.39 0.64 0.09
1.40 0.59 0.16
1.41 0.54 0.22
1.42 0.48 0.28
1.43 0.43 0.34
1.44 0.37 0.40
1.45 0.31 0.45
1.46 0.25 0.51
1.47 0.19 0.56
1.48 0.13 0.61
1.49 0.06 0.66
1.50 0.00 0.71
1.51 -0.06 0.75
1.52 -0.13 0.79
1.53 -0.19 0.83
1.54 -0.25 0.86
1.55 -0.31 0.89
1.56 -0.37 0.92
1.57 -0.43 0.94
1.58 -0.48 0.96
1.59 -0.54 0.98
1.60 -0.59 0.99
1.61 -0.64 1.00
1.62 -0.68 1.00
1.63 -0.73 1.00
1.64 -0.77 1.00
1.65 -0.81 0.99
1.66 -0.84 0.98
1.67 -0.88 0.96
1.68 -0.90 0.94
1.69 -0.93 0.92
1.70 -0.95 0.89
1.71 -0.97 0.86
1.72 -0.98 0.83
1.73 -0.99 0.79
1.74 -1.00 0.75
1.75 -1.00 0.71
1.76 -1.00 0.66
1.77 -0.99 0.61
1.78 -0.98 0.56
1.79 -0.97 0.51
1.80 -0.95 0.45
1.81 -0.93 0.40
1.82 -0.90 0.34
1.83 -0.88 0.28
1.84 -0.84 0.22
1.85 -0.81 0.16
1.86 -0.77 0.09
1.87 -0.73 0.03
1.88 -0.68 -0.03
1.89 -0.64 -0.09
1.90 -0.59 -0.16
1.91 -0.54 -0.22
1.92 -0.48 -0.28
1.93 -0.43 -0.34
1.94 -0.37 -0.40
1.95 -0.31 -0.45
1.96 -0.25 -0.51
1.97 -0.19 -0.56
1.98 -0.13 -0.61
1.99 -0.06 -0.66
2.00 -0.00 -0.71
