0.00 0.00 0.00
0.10 0.00 0.00
0.20 0.00 0.01
0.30 0.00 0.01
0.40 0.00 0.01
0.50 0.00 0.01
0.60 0.00 0.02
0.70 0.00 0.02
0.80 0.00 0.03
0.90 0.00 0.03
1.00 0.00 0.04
1.10 0.01 0.05
1.20 0.01 0.06
1.30 0.01 0.07
1.40 0.01 0.09
1.50 0.02 0.10
1.60 0.02 0.12
1.70 0.03 0.14
1.80 0.04 0.16
1.90 0.04 0.18
2.00 0.05 0.21
2.10 0.07 0.23
2.20 0.08 0.26
2.30 0.09 0.28
2.40 0.11 0.30
2.50 0.13 0.33
2.60 0.15 0.34
2.70 0.17 0.36
2.80 0.19 0.38
2.90 0.22 0.39
3.00 0.24 0.40
3.10 0.27 0.40
3.20 0.29 0.40
3.30 0.31 0.39
3.40 0.33 0.39
3.50 0.35 0.37
3.60 0.37 0.36
3.70 0.38 0.34
3.80 0.39 0.32
3.90 0.40 0.30
4.00 0.40 0.28
4.10 0.40 0.25
4.20 0.39 0.23
4.30 0.38 0.20
4.40 0.37 0.18
4.50 0.35 0.16
4.60 0.33 0.14
4.70 0.31 0.12
4.80 0.29 0.10
4.90 0.27 0.08
5.00 0.24 0.07
5.10 0.22 0.06
5.20 0.19 0.05
5.30 0.17 0.04
5.40 0.15 0.03
5.50 0.13 0.02
5.60 0.11 0.02
5.70 0.09 0.02
5.80 0.08 0.01
5.90 0.07 0.01
6.00 0.05 0.01
6.10 0.04 0.00
6.20 0.04 0.00
6.30 0.03 0.00
6.40 0.02 0.00
6.50 0.02 0.00
6.60 0.01 0.00
6.70 0.01 0.00
6.80 0.01 0.00
6.90 0.01 0.00
7.00 0.00 0.00
7.10 0.00 0.00
7.20 0.00 0.00
7.30 0.00 0.00
7.40 0.00 0.00
7.50 0.00 0.00
7.60 0.00 0.00
7.70 0.00 0.00
7.80 0.00 0.00
7.90 0.00 0.00
8.00 0.00 0.00
