0.01126400	0.016846
0.01779200	0.016541
0.02432000	0.016663
0.03084800	0.016846
0.03737600	0.017029
0.04390400	0.017090
0.05043200	0.017212
0.05696000	0.016907
0.06348800	0.017090
0.07001600	0.017212
0.07654400	0.016724
0.08307200	0.016724
0.08960000	0.016724
0.09612800	0.016724
0.1026560	0.016724
0.1091840	0.016846
0.1157120	0.016663
0.1222400	0.016846
0.1288960	0.016846
0.1352960	0.016724
0.1418240	0.016663
0.1483520	0.016541
0.1548800	0.016357
0.1615360	0.016296
0.1679360	0.016296
0.1744640	0.016357
0.1809920	0.016846
0.1875200	0.016541
0.1940480	0.016357
0.2007040	0.016479
0.2071040	0.016174
0.2136320	0.015686
0.2201600	0.015930
0.2266880	0.015747
0.2332160	0.015930
0.2397440	0.016296
0.2462720	0.016296
0.2528000	0.016541
0.2594560	0.016479
0.2658560	0.016479
0.2723840	0.016724
0.2789120	0.016846
0.2854400	0.016846
0.2919680	0.016907
0.2984960	0.016663
0.3050240	0.016296
0.3115520	0.016479
0.3180800	0.016357
0.3246080	0.016357
0.3311360	0.016663
0.3376640	0.016846
0.3441920	0.016479
0.3507200	0.016296
0.3572480	0.016296
0.3637760	0.016479
0.3703040	0.016479
0.3768320	0.016357
0.3833600	0.016174
0.3898880	0.016479
0.3964160	0.016479
0.4029440	0.016907
0.4094720	0.016846
0.4160000	0.016724
0.4225280	0.017212
0.4290560	0.016724
0.4357120	0.016541
0.4421120	0.016663
0.4487680	0.016479
0.4551680	0.016174
0.4618240	0.016113
0.4682240	0.016479
0.4748800	0.016541
0.4812800	0.016724
0.4879360	0.016724
0.4943360	0.016724
0.5009920	0.017029
0.5073920	0.017029
0.5139200	0.016846
0.5204480	0.016724
0.5269760	0.016357
0.5335040	0.016541
0.5400320	0.016724
0.5465600	0.016479
0.5530880	0.016541
0.5597440	0.017029
0.5661440	0.016907
0.5726720	0.016479
0.5792000	0.016357
0.5857280	0.016174
0.5922560	0.016113
0.5987840	0.016174
0.6053120	0.016479
0.6119680	0.016541
0.6183680	0.016479
0.6248960	0.016296
0.6314240	0.016724
0.6379520	0.016846
0.6444800	0.016541
0.6510080	0.016541
0.6575360	0.016296
0.6640640	0.015991
0.6705920	0.016296
0.6771200	0.016174
0.6836480	0.015991
0.6901760	0.016296
0.6967040	0.015991
0.7032320	0.016113
0.7097600	0.016174
0.7162880	0.015747
0.7228160	0.015991
0.7293440	0.016113
0.7358720	0.015808
0.7424000	0.015930
0.7489280	0.015747
0.7554560	0.015503
0.7619840	0.015503
0.7685120	0.015686
0.7750400	0.015564
0.7815680	0.015991
0.7880960	0.015991
0.7946240	0.015564
0.8011520	0.015564
0.8076800	0.015198
0.8142080	0.014832
0.8207360	0.015198
0.8272640	0.015015
0.8337920	0.015198
0.8403200	0.015564
0.8468480	0.015503
0.8533760	0.015686
0.8599040	0.015686
0.8664320	0.015381
0.8729600	0.015686
0.8794880	0.015747
0.8860160	0.015137
0.8925440	0.015320
0.8990720	0.015137
0.9056000	0.014954
0.9121280	0.015137
0.9186560	0.015381
0.9251840	0.015320
0.9317120	0.015381
0.9382400	0.015320
0.9447680	0.015381
0.9512960	0.015137
0.9578240	0.014954
0.9643520	0.014954
0.9708800	0.015015
0.9775360	0.014771
0.9839360	0.014648
0.9904640	0.014771
0.9969920	0.014771
1.003520	0.015198
1.010048	0.015015
1.016576	0.014465
1.023232	0.014648
1.029632	0.014648
1.036160	0.014648
1.042688	0.014465
1.049216	0.014404
1.055744	0.014221
1.062272	0.014465
1.068800	0.014587
1.075328	0.014771
1.081856	0.014771
1.088384	0.015015
1.094912	0.014954
1.101440	0.014832
1.107968	0.014771
1.114496	0.014771
1.121024	0.014587
1.127680	0.014587
1.134080	0.014404
1.140608	0.014465
1.147136	0.014832
1.153664	0.014648
1.160192	0.014954
1.166720	0.014954
1.173248	0.014832
1.179776	0.015015
1.186304	0.014648
1.192832	0.014465
1.199360	0.014404
1.205888	0.014648
1.212416	0.014954
1.218944	0.015198
1.225472	0.014954
1.232000	0.015015
1.238528	0.015137
1.245056	0.014954
1.251584	0.014832
1.258112	0.015015
1.264640	0.014771
1.271168	0.014771
1.277824	0.014954
1.284224	0.015137
1.290880	0.015320
1.297280	0.015137
1.303808	0.015198
1.310336	0.015564
1.316864	0.015381
1.323392	0.015564
1.329920	0.015564
1.336448	0.014954
1.342976	0.014954
1.349504	0.014954
1.356032	0.014648
1.362688	0.014587
1.369088	0.015015
1.375616	0.014954
1.382144	0.014954
1.388672	0.014832
1.395200	0.014832
1.401728	0.014954
1.408256	0.014404
1.414784	0.014343
1.421440	0.014465
1.427840	0.014343
1.434368	0.014465
1.440896	0.014587
1.447424	0.014648
1.453952	0.015015
1.460480	0.015198
1.467008	0.015137
1.473536	0.014954
1.480064	0.015137
1.486592	0.014954
1.493120	0.014832
1.499648	0.014954
1.506176	0.014648
1.512704	0.014771
1.519232	0.015015
1.525760	0.015015
1.532288	0.015381
1.538816	0.015564
1.545472	0.015564
1.551872	0.015381
1.558400	0.015381
1.564928	0.015198
1.571456	0.015381
1.577984	0.015320
1.584512	0.015198
1.591040	0.015564
1.597568	0.015747
1.604096	0.015564
1.610624	0.015747
1.617152	0.015930
1.623680	0.015808
1.630208	0.015747
1.636736	0.015747
1.643392	0.015808
1.649792	0.015747
1.656320	0.015930
1.662848	0.015930
1.669376	0.016113
1.676032	0.016113
1.682432	0.016113
1.688960	0.015991
1.695488	0.016113
1.702016	0.016357
1.708544	0.016296
1.715072	0.016113
1.721728	0.016113
1.728128	0.016113
1.734656	0.016296
1.741184	0.016174
1.747712	0.016174
1.754240	0.015991
1.760768	0.016113
1.767296	0.015930
1.773824	0.015991
1.780480	0.015991
1.786880	0.015930
1.793408	0.015808
1.800064	0.016113
1.806464	0.015991
1.812992	0.015991
1.819520	0.016174
1.826048	0.016174
1.832576	0.016174
1.839232	0.016357
1.845632	0.016113
1.852160	0.016113
1.858688	0.015991
1.865216	0.015381
1.871744	0.015747
1.878272	0.015808
1.884800	0.015686
1.891328	0.015991
1.897856	0.016113
1.904512	0.015991
1.910912	0.016174
1.917440	0.016296
1.923968	0.016357
1.930496	0.016479
1.937024	0.016357
1.943552	0.016357
1.950080	0.016479
1.956608	0.016296
1.963136	0.016357
1.969664	0.016724
1.976192	0.016724
1.982720	0.016724
1.989248	0.016846
1.995776	0.016663
2.002304	0.016846
2.008832	0.016907
2.015360	0.016724
2.021888	0.017029
2.028416	0.017029
2.034944	0.017212
2.041472	0.017212
2.048000	0.017334
2.054528	0.017334
2.061056	0.017639
2.067584	0.017639
2.074112	0.017334
2.080640	0.017517
2.087168	0.017822
2.093696	0.017700
2.100224	0.017517
2.106880	0.017639
2.113280	0.017822
2.119808	0.017700
2.126336	0.017700
2.132864	0.017822
2.139392	0.017700
2.145920	0.017456
2.152448	0.017334
2.158976	0.017517
2.165504	0.017212
2.172032	0.017334
2.178560	0.017334
2.185088	0.017334
2.191616	0.017639
2.198144	0.017700
2.204672	0.017456
2.211200	0.017456
2.217728	0.017517
2.224256	0.017517
2.230912	0.017700
2.237312	0.017456
2.243840	0.017456
2.250368	0.017639
2.256896	0.017517
2.263424	0.017822
2.269952	0.018066
2.276480	0.017883
2.283008	0.017883
2.289536	0.018066
2.296064	0.017883
2.302720	0.018005
2.309120	0.018433
2.315648	0.018372
2.322176	0.018372
2.328704	0.018433
2.335232	0.018250
2.341760	0.018433
2.348288	0.018616
2.354944	0.018555
2.361344	0.018677
2.367872	0.018616
2.374400	0.018616
2.380928	0.018799
2.387456	0.018677
2.394112	0.018555
2.400512	0.018616
2.407040	0.018433
2.413568	0.018616
2.420224	0.018860
2.426624	0.019043
2.433152	0.018860
2.439680	0.019165
2.446208	0.018860
2.452736	0.018677
2.459264	0.019226
2.465792	0.018799
2.472320	0.018677
2.478848	0.018982
2.485376	0.019165
2.491904	0.019165
2.498432	0.019409
2.504960	0.019165
2.511488	0.019165
2.518016	0.018982
2.524544	0.018799
2.531200	0.018799
2.537600	0.018799
2.544128	0.018250
2.550656	0.018555
2.557184	0.018799
2.563712	0.018555
2.570240	0.018555
2.576768	0.018372
2.583296	0.018066
2.589824	0.018188
2.596352	0.018066
2.602880	0.018066
2.609408	0.018188
2.615936	0.017822
2.622464	0.017639
2.628992	0.018066
2.635648	0.018250
2.642048	0.018250
2.648576	0.018188
2.655104	0.018005
2.661632	0.018005
2.668160	0.017822
2.674816	0.017822
2.681216	0.018250
2.687744	0.018066
2.694272	0.018372
2.700800	0.018616
2.707328	0.018372
2.713856	0.018372
2.720384	0.018799
2.726912	0.018616
2.733440	0.018799
2.740096	0.018799
2.746496	0.018616
2.753024	0.018372
2.759552	0.018616
2.766080	0.018677
2.772608	0.018860
2.779136	0.018982
2.785664	0.018799
2.792192	0.018799
2.798720	0.018860
2.805248	0.019043
2.811776	0.019226
2.818304	0.019226
2.824832	0.019165
2.831360	0.019348
2.837888	0.019409
2.844416	0.019165
2.850944	0.019226
2.857472	0.019531
2.864000	0.019348
2.870656	0.019409
2.877056	0.019348
2.883584	0.019348
2.890112	0.019409
2.896640	0.019165
2.903168	0.019043
2.909696	0.019043
2.916224	0.019043
2.922752	0.019226
2.929280	0.019348
2.935808	0.019165
2.942336	0.019165
2.948864	0.019348
2.955392	0.019226
2.961920	0.019043
2.968448	0.018799
2.974976	0.018799
2.981504	0.019043
2.988160	0.019043
2.994560	0.018982
3.001088	0.019043
3.007616	0.019226
3.014144	0.019165
3.020672	0.019348
3.027200	0.019226
3.033728	0.018982
3.040256	0.019348
3.046784	0.019348
3.053440	0.019226
3.059840	0.019409
3.066368	0.019348
3.072896	0.019409
3.079424	0.019592
3.085952	0.019592
3.092480	0.019714
3.099008	0.019714
3.105536	0.019714
3.112064	0.019714
3.118720	0.019714
3.125120	0.019592
3.131648	0.019714
3.138176	0.019897
3.144704	0.019775
3.151232	0.019958
3.157760	0.020081
3.164288	0.019775
3.170944	0.019775
3.177344	0.019775
3.183872	0.019775
3.190400	0.019958
3.196928	0.019714
3.203456	0.019531
3.210112	0.019897
3.216512	0.019958
3.223040	0.019958
3.229568	0.020081
3.236096	0.019958
3.242624	0.019958
3.249152	0.020142
3.255680	0.019775
3.262208	0.019531
3.268736	0.019531
3.275264	0.019226
3.281792	0.019531
3.288320	0.019592
3.294976	0.019226
3.301376	0.019348
3.307904	0.019043
3.314432	0.018982
3.320960	0.019165
3.327488	0.018677
3.334144	0.018616
3.340544	0.019043
3.347072	0.018860
3.353600	0.018616
3.360128	0.018677
3.366656	0.018616
3.373184	0.018433
3.379712	0.018616
3.386240	0.018433
3.392768	0.018250
3.399296	0.018250
3.405824	0.018250
3.412352	0.018066
3.418880	0.018066
3.425408	0.018005
3.431936	0.018188
3.438464	0.018555
3.445120	0.018250
3.451648	0.018372
3.458048	0.018372
3.464576	0.018372
3.471104	0.018433
3.477632	0.018555
3.484288	0.018616
3.490688	0.018616
3.497216	0.018799
3.503744	0.018433
3.510272	0.018799
3.516800	0.018799
3.523328	0.018677
3.529856	0.018677
3.536384	0.018616
3.542912	0.018616
3.549568	0.018860
3.555968	0.018860
3.562496	0.018799
3.569024	0.019043
3.575552	0.018860
3.582080	0.018677
3.588736	0.018799
3.595264	0.018677
3.601664	0.018372
3.608192	0.018616
3.614720	0.018616
3.621248	0.018677
3.627776	0.018616
3.634304	0.018250
3.640832	0.018433
3.647360	0.018250
3.653888	0.017822
3.660416	0.018188
3.666944	0.018250
3.673472	0.018188
3.680000	0.018433
3.686528	0.018616
3.693056	0.018250
3.699712	0.018250
3.706112	0.018250
3.712640	0.018188
3.719168	0.018555
3.725696	0.018372
3.732224	0.018250
3.738752	0.018372
3.745280	0.018372
3.751808	0.018372
3.758336	0.018372
3.764864	0.018005
3.771392	0.018005
3.777920	0.017883
3.784448	0.017700
3.790976	0.017883
3.797504	0.018005
3.804032	0.017883
3.810560	0.018005
3.817088	0.018066
3.823616	0.018066
3.830144	0.018372
3.836672	0.018250
3.843328	0.018066
3.849728	0.018066
3.856256	0.018005
3.862784	0.018005
3.869312	0.018005
3.875840	0.018066
3.882368	0.018250
3.889024	0.018005
3.895424	0.018066
3.901952	0.018005
3.908480	0.018005
3.915008	0.017883
3.921536	0.018188
3.928064	0.018433
3.934592	0.018005
3.941120	0.018250
3.947776	0.018188
3.954176	0.017883
3.960704	0.018188
3.967232	0.018250
3.973760	0.018066
3.980288	0.018066
3.986816	0.018005
3.993472	0.017822
4.006400	0.018005
4.012928	0.017639
4.019456	0.018005
4.025984	0.017883
4.032640	0.017883
4.039168	0.018372
4.045568	0.018250
4.052096	0.018005
4.058624	0.018250
4.065152	0.018250
4.071680	0.018433
4.078208	0.018555
4.084864	0.018433
4.091264	0.018372
4.097792	0.018066
4.104320	0.018188
4.110848	0.017883
4.117504	0.017883
4.123904	0.017883
4.130432	0.018005
4.136960	0.018005
4.143488	0.017700
4.150016	0.017700
4.156672	0.017822
4.163072	0.017517
4.169600	0.017822
4.176128	0.017883
4.182656	0.017639
4.189184	0.017822
4.195712	0.017700
4.202240	0.017639
4.208768	0.017700
4.215296	0.017456
4.221824	0.017334
4.228352	0.017639
4.234880	0.017517
4.241408	0.017822
4.248064	0.017517
4.254464	0.017273
4.260992	0.017517
4.267520	0.017700
4.274048	0.017456
4.280704	0.017456
4.287104	0.017517
4.293632	0.017517
4.300160	0.017700
4.306816	0.017639
4.313344	0.017456
4.319744	0.017822
4.326272	0.017700
4.332800	0.017517
4.339328	0.017639
4.345856	0.017334
4.352384	0.017273
4.358912	0.017517
4.365440	0.017273
4.372096	0.017334
4.378496	0.017456
4.385024	0.017212
4.391552	0.017212
4.398080	0.017334
4.404736	0.017212
4.411264	0.017090
4.417664	0.017212
4.424192	0.016907
4.430720	0.017029
4.437376	0.017090
4.443776	0.016846
4.450304	0.016907
4.456832	0.016663
4.463360	0.016357
4.469888	0.016479
4.476416	0.016296
4.482944	0.016174
4.489472	0.016296
4.496000	0.016296
4.502528	0.016296
4.509056	0.016357
4.515584	0.016113
4.522240	0.016113
4.528640	0.016113
4.535296	0.015930
4.541696	0.015991
4.548224	0.015930
4.554752	0.015686
4.561280	0.015808
4.567808	0.015991
4.574336	0.015686
4.580864	0.015747
4.587392	0.015503
4.594048	0.015503
4.600448	0.015564
4.606976	0.015503
4.613504	0.015381
4.620032	0.015503
4.626560	0.015503
4.633088	0.015320
4.639616	0.015503
4.646144	0.015564
4.652672	0.015503
4.659328	0.015503
4.665856	0.015564
4.672256	0.015808
4.678784	0.016113
4.685312	0.015747
4.691840	0.015381
4.698368	0.015564
4.705024	0.015808
4.711552	0.015808
4.718080	0.015808
4.724480	0.015747
4.731008	0.015930
4.737536	0.015808
4.744064	0.015564
4.750592	0.015930
4.757120	0.016113
4.763776	0.015991
4.770304	0.016113
4.776704	0.016113
4.783232	0.015808
4.789760	0.015930
4.796288	0.015747
4.802816	0.015930
4.809344	0.016113
4.816000	0.015808
4.822528	0.015686
4.828928	0.015808
4.835456	0.015564
4.841984	0.015747
4.848512	0.015686
4.855168	0.015564
4.861568	0.015747
4.868096	0.015808
4.874624	0.015747
4.881152	0.015747
4.887680	0.015747
4.894208	0.015686
4.900736	0.015808
4.907264	0.015930
4.913792	0.015686
4.920320	0.015991
4.926976	0.015747
4.933504	0.015808
4.939904	0.015808
4.946560	0.015747
4.953088	0.015564
4.959488	0.015381
4.966016	0.015564
4.972544	0.015381
4.979200	0.015381
4.985600	0.015686
4.992128	0.015564
4.998656	0.015564
5.005184	0.015686
5.011712	0.015747
5.018240	0.015930
5.024768	0.015686
5.031296	0.015503
5.037824	0.015503
5.044352	0.015381
5.050880	0.015564
5.057408	0.015686
5.064064	0.015503
5.070592	0.015503
5.076992	0.015381
5.083520	0.015198
5.090048	0.015198
5.096576	0.015320
5.103232	0.015198
5.109632	0.015320
5.116160	0.015381
5.122688	0.015198
5.129216	0.015320
5.135872	0.015320
5.142272	0.015137
5.148800	0.015320
5.155328	0.015137
5.161856	0.015137
5.168384	0.014832
5.174912	0.014771
5.181440	0.015015
5.187968	0.014954
5.194496	0.014771
5.201152	0.014954
5.207680	0.015015
5.214080	0.015015
5.220608	0.015015
5.227136	0.014771
5.233664	0.014771
5.240192	0.014954
5.246848	0.014954
5.253248	0.015015
5.259776	0.014832
5.266432	0.014832
5.272832	0.014954
5.279360	0.015015
5.285888	0.014832
5.292416	0.014832
5.298944	0.014954
5.305472	0.015015
5.312000	0.015137
5.318528	0.015198
5.325056	0.014648
5.331584	0.014771
5.338112	0.014954
5.344640	0.014648
5.351168	0.014648
5.357696	0.014648
5.364224	0.014771
5.370752	0.014832
5.377280	0.014832
5.383808	0.014771
5.390336	0.014771
5.396864	0.014648
5.403392	0.014587
5.410048	0.014771
5.416576	0.014771
5.422976	0.014771
5.429504	0.014771
5.436032	0.014587
5.442560	0.014465
5.449088	0.014587
5.455616	0.014465
5.462144	0.014343
5.468672	0.014404
5.475200	0.014587
5.481728	0.014648
5.488384	0.014648
5.494912	0.014648
5.501312	0.014771
5.507840	0.014954
5.514368	0.014771
5.521024	0.014832
5.527552	0.014954
5.533952	0.014771
5.540480	0.014771
5.547008	0.014771
5.553536	0.014771
5.560064	0.014832
5.566592	0.014648
5.573248	0.014404
5.579776	0.014771
5.586176	0.015137
5.592704	0.015137
5.599232	0.015198
5.605760	0.015015
5.612288	0.015015
5.618944	0.015320
5.625344	0.015198
5.631872	0.015137
5.638400	0.015320
5.644928	0.015137
5.651456	0.015198
5.657984	0.015137
5.664640	0.014832
5.671168	0.014832
5.677568	0.015320
5.684096	0.015137
5.690624	0.015015
5.697152	0.015320
5.703680	0.015198
5.710208	0.015198
5.716736	0.015198
5.723264	0.015137
5.729920	0.015320
5.736448	0.015198
5.742848	0.015198
5.749376	0.015381
5.755904	0.015381
5.762432	0.015198
5.768960	0.015137
5.775488	0.015015
5.782016	0.015015
5.788544	0.015137
5.795200	0.015198
5.801600	0.014771
5.808128	0.014832
5.814656	0.014771
5.821312	0.015137
5.827840	0.015137
5.834240	0.014832
5.840768	0.015320
5.847296	0.015198
5.853824	0.015015
5.860352	0.015137
5.866880	0.014954
5.873408	0.014587
5.880064	0.014648
5.886592	0.014954
5.892992	0.015015
5.899520	0.015198
5.906048	0.015015
5.912576	0.015015
5.919232	0.015015
5.925632	0.015137
5.932160	0.015381
5.938688	0.015503
5.945344	0.015381
5.951872	0.015320
5.958272	0.015564
5.964800	0.015564
5.971328	0.015747
5.977856	0.015686
5.984384	0.015503
5.991040	0.015503
5.997568	0.015747
6.003968	0.015747
6.010496	0.015808
6.017024	0.015808
6.023552	0.015808
6.030080	0.016113
6.036736	0.016174
6.043136	0.015991
6.049664	0.016296
6.056192	0.016113
6.062720	0.016296
6.069248	0.016541
6.075904	0.016663
6.082304	0.016663
6.088832	0.017212
6.095360	0.017029
6.101888	0.016846
6.108416	0.017212
6.114944	0.016846
6.121472	0.016846
6.128000	0.016907
6.134528	0.016724
6.141056	0.016907
6.147712	0.017029
6.154240	0.016846
6.160640	0.016846
6.167168	0.016663
6.173696	0.016724
6.180352	0.017029
6.186752	0.016907
6.193408	0.016846
6.199808	0.016846
6.206336	0.016724
6.212864	0.016541
6.219392	0.016724
6.226048	0.016541
6.232448	0.016479
6.238976	0.016846
6.245504	0.016846
6.252032	0.016541
6.258560	0.016846
6.265088	0.016663
6.271616	0.016724
6.278144	0.016907
6.284672	0.016724
6.291200	0.016663
6.297728	0.016724
6.304384	0.016663
6.310784	0.016663
6.317312	0.017029
6.323840	0.016663
6.330496	0.016663
6.337024	0.016846
6.343424	0.016663
6.349952	0.016907
6.356480	0.016907
6.363008	0.016724
6.369536	0.016907
6.376064	0.016846
6.382592	0.016724
6.389248	0.016846
6.395776	0.016846
6.402176	0.016907
6.408704	0.017029
6.415232	0.016846
6.421760	0.016907
6.428288	0.017090
6.434816	0.016907
6.441472	0.017029
6.448000	0.017212
6.454528	0.017273
6.461056	0.017273
6.467456	0.017273
6.473984	0.017334
6.480512	0.017517
6.487040	0.017517
6.493696	0.017456
6.500096	0.017639
6.506752	0.017639
6.513152	0.017334
6.519808	0.017639
6.526208	0.017456
6.532864	0.017273
6.539264	0.017639
6.545792	0.017639
6.552320	0.017700
6.558848	0.017700
6.565376	0.017517
6.572032	0.017334
6.578432	0.017334
6.585088	0.017212
6.591488	0.017212
6.598016	0.017273
6.604544	0.017212
6.611072	0.017090
6.617728	0.017090
6.624256	0.016846
6.630656	0.016907
6.637184	0.016907
6.643840	0.016541
6.650368	0.016846
6.656896	0.016907
6.663424	0.016479
6.669952	0.016541
6.676480	0.016724
6.682880	0.016846
6.689408	0.017029
6.695936	0.016846
6.702464	0.016663
6.709120	0.016907
6.715648	0.016724
6.722048	0.016663
6.728576	0.016663
6.735104	0.016846
6.741632	0.016663
6.748160	0.016846
6.754688	0.016907
6.761344	0.017212
6.767872	0.017334
6.774272	0.017273
6.780800	0.017456
6.787328	0.017517
6.793856	0.017517
6.800512	0.017639
6.807040	0.017700
6.813568	0.017517
6.819968	0.017700
6.826496	0.017822
6.833024	0.017883
6.839552	0.018372
6.846208	0.018433
6.852736	0.018555
6.859136	0.018555
6.865664	0.018433
6.872192	0.018250
6.878720	0.018433
6.885248	0.018677
6.891904	0.018433
6.898304	0.018799
6.904960	0.018677
6.911488	0.018677
6.917888	0.018433
6.924544	0.018433
6.931072	0.018616
6.937472	0.018555
6.944000	0.018616
6.950528	0.018616
6.957056	0.018555
6.963584	0.018372
6.970112	0.018188
6.976640	0.018250
6.983168	0.018372
6.989696	0.018066
6.996352	0.018066
7.002752	0.018188
7.009408	0.018188
7.015808	0.018372
7.022464	0.018066
7.028864	0.018250
7.035520	0.018188
7.042048	0.018188
7.048448	0.018372
7.054976	0.018372
7.061504	0.018005
7.068032	0.018066
7.074560	0.017883
7.081088	0.017883
7.087616	0.018066
7.094144	0.018066
7.100672	0.018005
7.107200	0.017883
7.113728	0.017822
7.120384	0.018372
7.126912	0.018555
7.133312	0.018372
7.139840	0.018372
7.146368	0.018616
7.153024	0.018433
7.159552	0.018372
7.165952	0.018555
7.172480	0.018616
7.179008	0.018677
7.185536	0.018433
7.192064	0.018616
7.198592	0.018860
7.205248	0.019043
7.211776	0.019043
7.218176	0.019043
7.224704	0.018860
7.231232	0.019043
7.237760	0.019165
7.244288	0.019043
7.250944	0.019348
7.257472	0.019592
7.264000	0.019409
7.270528	0.019775
7.277056	0.019775
7.283456	0.019714
7.289984	0.019775
7.296512	0.019958
7.303040	0.019958
7.309568	0.019775
7.316224	0.019714
7.322624	0.019775
7.329280	0.019958
7.335680	0.019775
7.342336	0.019592
7.348736	0.019714
7.355392	0.019592
7.361792	0.019409
7.368320	0.019531
7.374848	0.019592
7.381376	0.019531
7.387904	0.019592
7.394432	0.019165
7.400960	0.019409
7.407616	0.019592
7.414016	0.019409
7.420544	0.019531
7.427072	0.019226
7.433600	0.019226
7.440256	0.019165
7.446784	0.019348
7.453184	0.018982
7.459712	0.019165
7.466368	0.019348
7.472896	0.019226
7.479424	0.019531
7.485952	0.019348
7.492480	0.019043
7.498880	0.019043
7.505408	0.019348
7.511936	0.019409
7.518464	0.019592
7.525120	0.019409
7.531520	0.019348
7.538048	0.019592
7.544576	0.019348
7.551104	0.019348
7.557632	0.019409
7.564160	0.019226
7.570816	0.019409
7.577344	0.019348
7.583872	0.019043
7.590272	0.019592
7.596800	0.019775
7.603328	0.019348
7.609856	0.019531
7.616512	0.019775
7.623040	0.019348
7.629440	0.019348
7.635968	0.019714
7.642496	0.019409
7.649024	0.019714
7.655552	0.019531
7.662208	0.019348
7.668736	0.019775
7.675136	0.019775
7.681664	0.019714
7.688192	0.019775
7.694720	0.019531
7.701376	0.019531
7.707776	0.019775
7.714432	0.019592
7.720832	0.019409
7.727488	0.019714
7.733888	0.019775
7.740544	0.019775
7.746944	0.019897
7.753472	0.019714
7.760000	0.019958
7.766528	0.019958
7.773184	0.019592
7.779712	0.019592
7.786112	0.019897
7.792640	0.019592
7.799168	0.019592
7.805696	0.019409
7.812224	0.019531
7.818752	0.019531
7.825280	0.019348
7.831936	0.019226
7.838336	0.019348
7.844992	0.019165
7.851392	0.019043
7.857920	0.019409
7.864448	0.019531
7.870976	0.019226
7.877632	0.019409
7.884160	0.019348
7.890560	0.019592
7.897088	0.019592
7.903616	0.019409
7.910144	0.019348
7.916672	0.019348
7.923200	0.019165
7.929728	0.019226
7.936256	0.019348
7.942784	0.019226
7.949440	0.019226
7.955840	0.019531
7.962368	0.019531
7.968896	0.019775
7.975552	0.019775
7.982080	0.019714
7.988480	0.019775
7.995008	0.019775
8.001536	0.019775
8.008192	0.019897
8.014720	0.019897
8.021120	0.019958
8.027648	0.020142
8.034176	0.020142
8.040704	0.019958
8.047360	0.020081
8.053888	0.019897
8.060416	0.020142
8.066816	0.020325
8.073344	0.020081
8.079872	0.019958
8.086400	0.019958
8.092928	0.019958
8.099456	0.019958
8.105984	0.019897
8.112512	0.019714
8.119040	0.019897
8.125568	0.020142
8.132224	0.019775
8.138624	0.020081
8.145280	0.019958
8.151680	0.019775
8.158336	0.019958
8.164736	0.019897
8.171392	0.019714
8.177792	0.019714
8.184320	0.019531
8.190848	0.019226
8.197504	0.019348
8.203904	0.019043
8.210432	0.018982
8.217088	0.019226
8.223488	0.019043
8.230144	0.019043
8.236544	0.019348
8.243072	0.018860
8.249728	0.018799
8.256256	0.019043
8.262784	0.018860
8.269184	0.019348
8.275712	0.019226
8.282240	0.019043
8.288896	0.018982
8.295424	0.018860
8.301952	0.018799
8.308480	0.019043
8.314880	0.019043
8.321408	0.018860
8.327936	0.019043
8.334592	0.019043
8.341120	0.018860
8.347520	0.019165
8.354048	0.019043
8.360576	0.019348
8.367232	0.019348
8.373760	0.019165
8.380160	0.019348
8.386688	0.019348
8.393216	0.018982
8.399744	0.019165
8.406272	0.019226
8.412928	0.019165
8.419456	0.019165
8.425856	0.019165
8.432384	0.019043
8.438912	0.019165
8.445568	0.019165
8.452096	0.019165
8.458624	0.019043
8.465024	0.019226
8.471552	0.019043
8.478080	0.019409
8.484608	0.019348
8.491264	0.018982
8.497664	0.019531
8.504192	0.019348
8.510720	0.019165
8.517376	0.019226
8.523776	0.019165
8.530432	0.019043
8.536832	0.019043
8.543488	0.018616
8.549888	0.018616
8.556544	0.018555
8.562944	0.018555
8.569600	0.018250
8.576000	0.018188
8.582528	0.018066
8.589056	0.017883
8.595584	0.017883
8.602112	0.017822
8.608768	0.018005
8.615296	0.018005
8.621824	0.017700
8.628352	0.017822
8.634752	0.017639
8.641280	0.017517
8.647808	0.017822
8.654336	0.017639
8.660864	0.017639
8.667392	0.017700
8.673920	0.017700
8.680576	0.017517
8.687104	0.017517
8.693504	0.017517
8.700032	0.017517
8.706560	0.017700
8.713088	0.017700
8.719616	0.017456
8.726144	0.017334
8.732672	0.017517
8.739200	0.017883
8.745728	0.018005
8.752256	0.017700
8.758912	0.018005
8.765440	0.018066
8.771840	0.017822
8.778368	0.018005
8.784896	0.018372
8.791424	0.018188
8.798080	0.018188
8.804480	0.018005
8.811008	0.018005
8.817536	0.018005
8.824192	0.017883
8.830592	0.018066
8.837120	0.018066
8.843648	0.018005
8.850176	0.018188
8.856832	0.018066
8.863360	0.017822
8.869760	0.017700
8.876288	0.017700
8.882816	0.017639
8.889344	0.017822
8.895872	0.017883
8.902400	0.017639
8.908928	0.017700
8.915456	0.017883
8.921984	0.017700
8.928512	0.017456
8.935040	0.017456
8.941568	0.017212
8.948096	0.017212
8.954624	0.017212
8.961280	0.017212
8.967680	0.017273
8.974336	0.017212
8.980736	0.017090
8.987392	0.017273
8.993792	0.017090
9.000320	0.017090
9.006848	0.017212
9.013376	0.016907
9.019904	0.017029
9.026560	0.017090
9.033088	0.016541
9.039488	0.016541
9.046144	0.016907
9.052544	0.016663
9.059200	0.016846
9.065600	0.017090
9.072128	0.016846
9.078656	0.016907
9.085184	0.016846
9.091840	0.016663
9.098240	0.016907
9.104768	0.017029
9.111296	0.016907
9.117824	0.016907
9.124352	0.017212
9.131008	0.017090
9.137408	0.017334
9.143936	0.017273
9.150464	0.017273
9.156992	0.017456
9.163648	0.017334
9.170176	0.017273
9.176576	0.017212
9.183104	0.017029
9.189632	0.017334
9.196160	0.017456
9.202688	0.017212
9.209344	0.017273
9.215872	0.017639
9.222400	0.017212
9.228928	0.017334
9.235456	0.017517
9.241856	0.017639
9.248384	0.017517
9.254912	0.017456
9.261440	0.017273
9.267968	0.017639
9.274496	0.017639
9.281152	0.017517
9.287680	0.017456
9.294080	0.017456
9.300608	0.017517
9.307136	0.017517
9.313664	0.017273
9.320320	0.017273
9.326720	0.017212
9.333376	0.016846
9.339776	0.017029
9.346432	0.017029
9.352832	0.016846
9.359488	0.016907
9.365888	0.016846
9.372544	0.016541
9.378944	0.016663
9.385600	0.016663
9.392000	0.016357
9.398528	0.016479
9.405184	0.016357
9.411712	0.016296
9.418240	0.016113
9.424640	0.016296
9.431168	0.016113
9.437696	0.016296
9.444224	0.016174
9.450752	0.015747
9.457280	0.015991
9.463808	0.015747
9.470336	0.015686
9.476864	0.015808
9.483392	0.015808
9.490048	0.015930
9.496576	0.016479
9.503104	0.016174
9.509504	0.015991
9.516032	0.016296
9.522560	0.015991
9.529088	0.016174
9.535616	0.016174
9.542144	0.015808
9.548672	0.015930
9.555328	0.016113
9.561856	0.015991
9.568384	0.015808
9.574784	0.015808
9.581440	0.015686
9.587840	0.015991
9.594368	0.015991
9.600896	0.015991
9.607424	0.015991
9.614080	0.015564
9.620480	0.015381
9.627008	0.015808
9.633536	0.015808
9.640192	0.015686
9.646592	0.015747
9.653120	0.015564
9.659648	0.015564
9.666176	0.015747
9.672832	0.015503
9.679360	0.015320
9.685760	0.015381
9.692288	0.015015
9.698816	0.015137
9.705344	0.015137
9.711872	0.014832
9.718400	0.014771
9.724928	0.014832
9.731584	0.014954
9.738112	0.014954
9.744640	0.014587
9.751168	0.014404
9.757696	0.014465
9.764224	0.014771
9.770624	0.014587
9.777280	0.014587
9.783680	0.014587
9.790336	0.014465
9.796736	0.014587
9.803392	0.014343
9.809792	0.014160
9.816320	0.014221
9.822848	0.014160
9.829376	0.013977
9.835904	0.014038
9.842432	0.013855
9.848960	0.013977
9.855616	0.014038
9.862016	0.013489
9.868672	0.013672
9.875072	0.013855
9.881600	0.013672
9.888256	0.013672
9.894784	0.013794
9.901184	0.013977
9.907712	0.014343
9.914240	0.014465
9.920896	0.014221
9.927424	0.014160
9.933952	0.014160
9.940352	0.014221
9.946880	0.014221
9.953408	0.014160
9.960064	0.014343
9.966592	0.014221
9.972992	0.014343
9.979520	0.014404
9.986048	0.014465
9.992704	0.014221
9.999232	0.014221
10.00563	0.014404
10.01216	0.014160
10.01868	0.014160
10.02521	0.014465
10.03174	0.014404
10.03827	0.014771
10.04480	0.014587
10.05132	0.014343
10.05785	0.014648
10.06438	0.014648
10.07104	0.014587
10.07756	0.014771
10.08396	0.014587
10.09049	0.014343
10.09702	0.014465
10.10355	0.014465
10.11008	0.014343
10.11660	0.014343
10.12326	0.014343
10.12966	0.014221
10.13619	0.014465
10.14272	0.014465
10.14924	0.014404
10.15577	0.014343
10.16230	0.014221
10.16883	0.014587
10.17536	0.014771
10.18188	0.014404
10.18841	0.014160
10.19494	0.014343
10.20160	0.014404
10.20800	0.014404
10.21452	0.014221
10.22105	0.014221
10.22771	0.014160
10.23424	0.014038
10.24064	0.014587
10.24716	0.014465
10.25369	0.014587
10.26022	0.014954
10.26688	0.014832
10.27340	0.014832
10.27980	0.015015
10.28633	0.015381
10.29286	0.015503
10.29939	0.015198
10.30592	0.015320
10.31257	0.015198
10.31910	0.015381
10.32563	0.015381
10.33203	0.015320
10.33856	0.015320
10.34508	0.015503
10.35161	0.015381
10.35814	0.015564
10.36480	0.015564
10.37132	0.015564
10.37785	0.015747
10.38438	0.015808
10.39091	0.015747
10.39744	0.015991
10.40396	0.015747
10.41036	0.015747
10.41689	0.015991
10.42342	0.015747
10.43008	0.015564
10.43660	0.015686
10.44300	0.015503
10.44953	0.015503
10.45606	0.015930
10.46272	0.015747
10.46924	0.015503
10.47564	0.015686
10.48217	0.015564
10.48883	0.015381
10.49536	0.015564
10.50176	0.015503
10.50828	0.015503
10.51481	0.015686
10.52134	0.015381
10.52787	0.015503
10.53440	0.015381
10.54092	0.015137
10.54758	0.015381
10.55411	0.015198
10.56064	0.014954
10.56704	0.014832
10.57356	0.015015
10.58022	0.015015
10.58675	0.014771
10.59315	0.014648
10.59968	0.014648
10.60620	0.014832
10.61273	0.014587
10.61926	0.014404
10.62579	0.014587
10.63232	0.014648
10.63884	0.014832
10.64537	0.014587
10.65190	0.014771
10.65843	0.014771
10.66496	0.014648
10.67148	0.014465
10.67801	0.014648
10.68467	0.014465
10.69107	0.014465
10.69760	0.014648
10.70412	0.014465
10.71078	0.014404
10.71731	0.014771
10.72371	0.014404
10.73024	0.014160
10.73676	0.014465
10.74342	0.014771
10.74995	0.014587
10.75635	0.014771
10.76288	0.014771
10.76940	0.014954
10.77606	0.015137
10.78259	0.015015
10.78899	0.015137
10.79552	0.015320
10.80204	0.015198
10.80857	0.015198
10.81523	0.014954
10.82176	0.014771
10.82816	0.015015
10.83468	0.014832
10.84121	0.014648
10.84774	0.014832
10.85427	0.014832
10.86080	0.014771
10.86732	0.014648
10.87385	0.014771
10.88038	0.014832
10.88691	0.014648
10.89344	0.014648
10.89996	0.014648
10.90662	0.014954
10.91315	0.014832
10.91955	0.014771
10.92608	0.014648
10.93273	0.014343
10.93926	0.014404
10.94566	0.014648
10.95219	0.014404
10.95872	0.014587
10.96524	0.014954
10.97177	0.014465
10.97830	0.014832
10.98483	0.014832
10.99136	0.014832
10.99788	0.015137
11.00441	0.014832
11.01094	0.014771
11.01747	0.014832
11.02400	0.014832
11.03052	0.014771
11.03718	0.014954
11.04371	0.014954
11.05024	0.015015
11.05664	0.014954
11.06316	0.015015
11.06969	0.014954
11.07622	0.015198
11.08275	0.015015
11.08940	0.015320
11.09593	0.015503
11.10233	0.015503
11.10886	0.015381
11.11539	0.015564
11.12204	0.015686
11.12857	0.015564
11.13497	0.015930
11.14150	0.015930
11.14803	0.016113
11.15468	0.016357
11.16121	0.016296
11.16774	0.016357
11.17427	0.016357
11.18067	0.016174
11.18720	0.016296
11.19372	0.016541
11.20025	0.016724
11.20678	0.016846
11.21331	0.016663
11.21984	0.016724
11.22636	0.016724
11.23289	0.016541
11.23942	0.016541
11.24608	0.017029
11.25260	0.016907
11.25900	0.017029
11.26553	0.016907
11.27206	0.016907
11.27859	0.017212
11.28524	0.017273
11.29164	0.017090
11.29817	0.017212
11.30470	0.017273
11.31136	0.017273
11.31788	0.017212
11.32428	0.017090
11.33081	0.017090
11.33747	0.017273
11.34387	0.017212
11.35040	0.017090
11.35692	0.017212
11.36345	0.017212
11.37011	0.017090
11.37664	0.017334
11.38316	0.017334
11.38969	0.017334
11.39622	0.017273
11.40275	0.017334
11.40928	0.017273
11.41568	0.017517
11.42220	0.017517
11.42873	0.017639
11.43526	0.017883
11.44179	0.018005
11.44832	0.017822
11.45497	0.017700
11.46150	0.017700
11.46803	0.017822
11.47456	0.017700
11.48096	0.017822
11.48748	0.017883
11.49401	0.018005
11.50054	0.018005
11.50707	0.018005
11.51372	0.018066
11.52025	0.018066
11.52665	0.018066
11.53318	0.018005
11.53971	0.017883
11.54624	0.018066
11.55289	0.018372
11.55942	0.018250
11.56582	0.018372
11.57235	0.018066
11.57888	0.018066
11.58553	0.018250
11.59206	0.018066
11.59846	0.018066
11.60499	0.018188
11.61152	0.018005
11.61817	0.018066
11.62470	0.017822
11.63110	0.017883
11.63763	0.018066
11.64416	0.017822
11.65068	0.017639
11.65721	0.017883
11.66387	0.017517
11.67040	0.017212
11.67692	0.017700
11.68345	0.017883
11.68998	0.017517
11.69651	0.017822
11.70304	0.017883
11.70956	0.017456
11.71609	0.017456
11.72262	0.017334
11.72915	0.017212
11.73555	0.017456
11.74208	0.017456
11.74860	0.017517
11.75513	0.017456
11.76166	0.017090
11.76819	0.017029
11.77484	0.017273
11.78137	0.017456
11.78777	0.017456
11.79430	0.017700
11.80083	0.017517
11.80736	0.017456
11.81388	0.017517
11.82041	0.017334
11.82694	0.017090
11.83347	0.017029
11.84000	0.017090
11.84652	0.017212
11.85305	0.017212
11.85958	0.017090
11.86611	0.017090
11.87276	0.017273
11.87929	0.017212
11.88582	0.017517
11.89235	0.017212
11.89875	0.017273
11.90528	0.017700
11.91180	0.017639
11.91833	0.017456
11.92486	0.017700
11.93152	0.017822
11.93792	0.017517
11.94444	0.017700
11.95097	0.017639
11.95750	0.017700
11.96403	0.017822
11.97068	0.017822
11.97721	0.018066
11.98374	0.018066
11.99027	0.017883
11.99680	0.018188
12.00320	0.018066
12.00972	0.018005
12.01625	0.018188
12.02278	0.018250
12.02931	0.018066
12.03584	0.018250
12.04236	0.018433
12.04889	0.018433
12.05542	0.018188
12.06195	0.018066
12.06860	0.018372
12.07500	0.018616
12.08153	0.018250
12.08806	0.018616
12.09459	0.018433
12.10112	0.018555
12.10777	0.018677
12.11417	0.018677
12.12070	0.018677
12.12723	0.018860
12.13376	0.018982
12.14028	0.018860
12.14681	0.018860
12.15334	0.019043
12.16000	0.018860
12.16652	0.019165
12.17292	0.019165
12.17945	0.019043
12.18598	0.019165
12.19251	0.019043
12.19904	0.018982
12.20569	0.019226
12.21222	0.019165
12.21862	0.019043
12.22515	0.019043
12.23168	0.019531
12.23820	0.019409
12.24473	0.019348
12.25126	0.019043
12.25779	0.019531
12.26432	0.019592
12.27084	0.019531
12.27737	0.019714
12.28390	0.019775
12.29043	0.019531
12.29696	0.019714
12.30348	0.019714
12.31001	0.019592
12.31667	0.019775
12.32320	0.019714
12.32960	0.019531
12.33612	0.019714
12.34265	0.019897
12.34918	0.019958
12.35571	0.019958
12.36236	0.019958
12.36876	0.019958
12.37529	0.020203
12.38182	0.020386
12.38835	0.020386
12.39488	0.020203
12.40153	0.020081
12.40793	0.020569
12.41446	0.020874
12.42099	0.020508
12.42752	0.020691
12.43417	0.020752
12.44057	0.020508
12.44710	0.020752
12.45363	0.020935
12.46016	0.020935
12.46668	0.020874
12.47334	0.020935
12.47987	0.020752
12.48640	0.020752
12.49292	0.020935
12.49945	0.021118
12.50598	0.020935
12.51251	0.020874
12.51904	0.020935
12.52556	0.021118
12.53209	0.020935
12.53862	0.020874
12.54515	0.020691
12.55168	0.020935
12.55808	0.021057
12.56460	0.020935
12.57113	0.020874
12.57779	0.020935
12.58419	0.020935
12.59072	0.020752
12.59724	0.020691
12.60377	0.020508
12.61030	0.020508
12.61683	0.020691
12.62336	0.020569
12.62988	0.020508
12.63641	0.020691
12.64294	0.020691
12.64947	0.020386
12.65600	0.020325
12.66252	0.020325
12.66905	0.020508
12.67558	0.020874
12.68224	0.020691
12.68864	0.020325
12.69516	0.020325
12.70169	0.020203
12.70822	0.020203
12.71475	0.020142
12.72128	0.020142
12.72780	0.020081
12.73433	0.020203
12.74099	0.020203
12.74739	0.020325
12.75392	0.020325
12.76044	0.020142
12.76697	0.020508
12.77350	0.020386
12.78016	0.020386
12.78656	0.020569
12.79308	0.020691
12.79961	0.020691
12.80614	0.020691
12.81267	0.020569
12.81920	0.020203
12.82572	0.020386
12.83225	0.020325
12.83878	0.020508
12.84531	0.020569
12.85184	0.020386
12.85836	0.020386
12.86489	0.020752
12.87142	0.020569
12.87795	0.020386
12.88448	0.020203
12.89113	0.020325
12.89753	0.020203
12.90406	0.020325
12.91059	0.020081
12.91712	0.020203
12.92364	0.020142
12.93017	0.020142
12.93670	0.020142
12.94336	0.019897
12.94976	0.019897
12.95628	0.020142
12.96281	0.019958
12.96934	0.019775
12.97587	0.019775
12.98240	0.019897
12.98905	0.019775
12.99558	0.019775
13.00198	0.019714
13.00851	0.019531
13.01504	0.019592
13.02156	0.019531
13.02809	0.019531
13.03475	0.019714
13.04115	0.019531
13.04768	0.019409
13.05420	0.019226
13.06073	0.019043
13.06726	0.019348
13.07379	0.019165
13.08032	0.019165
13.08684	0.019165
13.09337	0.019348
13.09990	0.019165
13.10643	0.019348
13.11296	0.019531
13.11948	0.019348
13.12601	0.019348
13.13254	0.019775
13.13907	0.019531
13.14560	0.019592
13.15212	0.019897
13.15878	0.019897
13.16518	0.020325
13.17171	0.020325
13.17824	0.019958
13.18489	0.020081
13.19129	0.020142
13.19782	0.020081
13.20435	0.020142
13.21088	0.020142
13.21740	0.020142
13.22406	0.019958
13.23046	0.019958
13.23699	0.020081
13.24352	0.020142
13.25004	0.019958
13.25670	0.020081
13.26310	0.019897
13.26963	0.019897
13.27616	0.020142
13.28268	0.020203
13.28921	0.019958
13.29587	0.020203
13.30240	0.019958
13.30892	0.019714
13.31545	0.020081
13.32198	0.019958
13.32851	0.019714
13.33504	0.019775
13.34156	0.019775
13.34809	0.019714
13.35462	0.019714
13.36115	0.019592
13.36755	0.019775
13.37408	0.019714
13.38060	0.019531
13.38713	0.019592
13.39366	0.019775
13.40032	0.019531
13.40672	0.019775
13.41324	0.019897
13.41990	0.019592
13.42630	0.019592
13.43283	0.019531
13.43936	0.019531
13.44588	0.019592
13.45241	0.019409
13.45894	0.019531
13.46547	0.019592
13.47200	0.019409
13.47852	0.019531
13.48505	0.019714
13.49158	0.019775
13.49811	0.019409
13.50464	0.019348
13.51116	0.019531
13.51769	0.019592
13.52422	0.019592
13.53075	0.019714
13.53728	0.019775
13.54393	0.019775
13.55033	0.019531
13.55686	0.019592
13.56339	0.019531
13.56992	0.019226
13.57644	0.019226
13.58297	0.019165
13.58950	0.018982
13.59616	0.019165
13.60256	0.018982
13.60908	0.018982
13.61561	0.019165
13.62214	0.019226
13.62867	0.018799
13.63520	0.019043
13.64172	0.019043
13.64825	0.019043
13.65478	0.019043
13.66131	0.018677
13.66784	0.018616
13.67436	0.018799
13.68089	0.018677
13.68742	0.018555
13.69395	0.018616
13.70060	0.018372
13.70700	0.018250
13.71353	0.018433
13.72006	0.018066
13.72659	0.018066
13.73312	0.018005
13.73977	0.018005
13.74617	0.018005
13.75270	0.017822
13.75923	0.018005
13.76576	0.018250
13.77228	0.018066
13.77881	0.017822
13.78534	0.017700
13.79187	0.017700
13.79840	0.017517
13.80492	0.017456
13.81145	0.017334
13.81798	0.017029
13.82451	0.017273
13.83104	0.017029
13.83769	0.017212
13.84409	0.017273
13.85062	0.016907
13.85715	0.016907
13.86368	0.017090
13.87020	0.016846
13.87686	0.016846
13.88326	0.016846
13.88979	0.016541
13.89632	0.016907
13.90284	0.016724
13.90937	0.016357
13.91590	0.016479
13.92243	0.016541
13.92896	0.016541
13.93548	0.016724
13.94201	0.016663
13.94854	0.016907
13.95507	0.016846
13.96160	0.016479
13.96812	0.016357
13.97465	0.016541
13.98118	0.016357
13.98771	0.016479
13.99424	0.016541
14.00076	0.016174
14.00729	0.016113
14.01382	0.016113
14.02035	0.015991
14.02688	0.016113
14.03340	0.015930
14.03993	0.015808
14.04646	0.015686
14.05299	0.015503
14.05952	0.015198
14.06604	0.015503
14.07257	0.015564
14.07910	0.015564
14.08563	0.015381
14.09216	0.015137
14.09868	0.015198
14.10521	0.015198
14.11174	0.014954
14.11827	0.014832
14.12480	0.014954
14.13132	0.015137
14.13785	0.015015
14.14438	0.015137
14.15091	0.015015
14.15744	0.014954
14.16396	0.015137
14.17049	0.014954
14.17702	0.014954
14.18355	0.015198
14.19008	0.015137
14.19660	0.015137
14.20313	0.014771
14.20966	0.014648
14.21619	0.014832
14.22272	0.014832
14.22924	0.014771
14.23577	0.014954
14.24243	0.015015
14.24883	0.014771
14.25536	0.014771
14.26188	0.014648
14.26841	0.014954
14.27507	0.014832
14.28147	0.014832
14.28800	0.014832
14.29452	0.015198
14.30105	0.015137
14.30758	0.015015
14.31424	0.015198
14.32064	0.015015
14.32716	0.015320
14.33369	0.015503
14.34022	0.015503
14.34675	0.015503
14.35328	0.015564
14.35980	0.015137
14.36633	0.015015
14.37286	0.015015
14.37939	0.014954
14.38592	0.015198
14.39244	0.015564
14.39897	0.015503
14.40550	0.015686
14.41203	0.015381
14.41856	0.015381
14.42508	0.015564
14.43161	0.015564
14.43814	0.015564
14.44467	0.015686
14.45120	0.015564
14.45772	0.015320
14.46425	0.015503
14.47078	0.015320
14.47731	0.015137
14.48384	0.015198
14.49036	0.015198
14.49689	0.014954
14.50342	0.014954
14.50995	0.015015
14.51648	0.015137
14.52300	0.015137
14.52953	0.015015
14.53606	0.015198
14.54259	0.015320
14.54912	0.015137
14.55564	0.015381
14.56217	0.015198
14.56870	0.014771
14.57536	0.015015
14.58176	0.015198
14.58828	0.014771
14.59481	0.014771
14.60134	0.015015
14.60787	0.014648
14.61440	0.014771
14.62092	0.014771
14.62745	0.014771
14.63398	0.014954
14.64051	0.015137
14.64704	0.015137
14.65356	0.015198
14.66009	0.015198
14.66662	0.015198
14.67315	0.015198
14.67968	0.015320
14.68620	0.015198
14.69273	0.015320
14.69926	0.015381
14.70579	0.015381
14.71232	0.015381
14.71897	0.015137
14.72537	0.014832
14.73190	0.014648
14.73843	0.014648
14.74496	0.015015
14.75148	0.014771
14.75801	0.014465
14.76454	0.014771
14.77107	0.014771
14.77760	0.014587
14.78412	0.014404
14.79065	0.014221
14.79718	0.014343
14.80371	0.014343
14.81024	0.014160
14.81676	0.014038
14.82342	0.013977
14.82982	0.013672
14.83635	0.013794
14.84288	0.013977
14.84940	0.013672
14.85606	0.013489
14.86246	0.013123
14.86899	0.013428
14.87552	0.013794
14.88204	0.013611
14.88857	0.013306
14.89510	0.013611
14.90163	0.013977
14.90828	0.013794
14.91468	0.013611
14.92121	0.013428
14.92774	0.013611
14.93427	0.013794
14.94080	0.013306
14.94732	0.013245
14.95385	0.013672
14.96038	0.013672
14.96691	0.013306
14.97344	0.013489
14.97996	0.013306
14.98649	0.013489
14.99302	0.013977
14.99955	0.013672
15.00608	0.013489
15.01260	0.013672
15.01913	0.013794
15.02566	0.014038
15.03219	0.014343
15.03884	0.014038
15.04524	0.013977
15.05177	0.014221
15.05830	0.013855
15.06483	0.013672
15.07136	0.013794
15.07788	0.013794
15.08441	0.013672
15.09107	0.013489
15.09747	0.013489
15.10412	0.013489
15.11052	0.013245
15.11705	0.013245
15.12358	0.013489
15.13024	0.013489
15.13664	0.013611
15.14316	0.013794
15.14969	0.013306
15.15622	0.013306
15.16275	0.013611
15.16928	0.013672
15.17580	0.013977
15.18233	0.013855
15.18886	0.013672
15.19539	0.013977
15.20192	0.013977
15.20857	0.013672
15.21497	0.013672
15.22150	0.013489
15.22803	0.013306
15.23456	0.013428
15.24108	0.013489
15.24761	0.013489
15.25414	0.013672
15.26067	0.013489
15.26720	0.013489
15.27372	0.013977
15.28025	0.013977
15.28678	0.013794
15.29331	0.013794
15.29984	0.013245
15.30636	0.013245
15.31289	0.013489
15.31942	0.013611
15.32595	0.013611
15.33260	0.013855
15.33900	0.013672
15.34553	0.013855
15.35206	0.014343
15.35872	0.014038
15.36512	0.014160
15.37164	0.014221
15.37817	0.014465
15.38470	0.014587
15.39136	0.014832
15.39776	0.014648
15.40428	0.014587
15.41081	0.014832
15.41747	0.014832
15.42387	0.015015
15.43040	0.014954
15.43692	0.014771
15.44345	0.014832
15.45011	0.014648
15.45651	0.015137
15.46304	0.014771
15.46956	0.014587
15.47609	0.014832
15.48262	0.014954
15.48928	0.014832
15.49568	0.015137
15.50220	0.015137
15.50873	0.014832
15.51526	0.015137
15.52179	0.015015
15.52832	0.014832
15.53484	0.015015
15.54150	0.015137
15.54790	0.014832
15.55443	0.015015
15.56096	0.015198
15.56748	0.014832
15.57401	0.015320
15.58054	0.015137
15.58707	0.015137
15.59360	0.015015
15.60012	0.014954
15.60678	0.014954
15.61318	0.015137
15.61971	0.015015
15.62624	0.015137
15.63276	0.015564
15.63929	0.015503
15.64595	0.015320
15.65235	0.015503
15.65888	0.015564
15.66540	0.015381
15.67193	0.015686
15.67846	0.015564
15.68499	0.015808
15.69152	0.015747
15.69804	0.015747
15.70457	0.015930
15.71123	0.015930
15.71763	0.015991
15.72416	0.016113
15.73068	0.015991
15.73721	0.015930
15.74374	0.016357
15.75027	0.016296
15.75692	0.015930
15.76345	0.016113
15.76985	0.015808
15.77638	0.015564
15.78291	0.015808
15.78944	0.015930
15.79596	0.015747
15.80249	0.015747
15.80902	0.015381
15.81555	0.015381
15.82220	0.015564
15.82860	0.015320
15.83513	0.015320
15.84166	0.015503
15.84819	0.015137
15.85472	0.015381
15.86124	0.015686
15.86777	0.015564
15.87430	0.015747
15.88083	0.015930
15.88736	0.015686
15.89388	0.015686
15.90041	0.015564
15.90707	0.015503
15.91347	0.015320
15.92000	0.015137
15.92652	0.015381
15.93318	0.015320
15.93958	0.015381
15.94611	0.015381
15.95264	0.015381
15.95916	0.015381
15.96569	0.015198
15.97235	0.015503
15.97875	0.015320
15.98528	0.015564
15.99180	0.015320
15.99833	0.014954
16.00499	0.015015
16.01152	0.015320
16.01792	0.015198
16.02444	0.015320
16.03097	0.015320
16.03750	0.015015
16.04403	0.015320
16.05068	0.015381
16.05721	0.015198
16.06374	0.015503
16.07014	0.015137
16.07667	0.015137
16.08320	0.015198
16.08972	0.015198
16.09625	0.015320
16.10278	0.015320
16.10931	0.015198
16.11584	0.015198
16.12236	0.015686
16.12889	0.015564
16.13542	0.015686
16.14195	0.015930
16.14848	0.015808
16.15500	0.015930
16.16153	0.015930
16.16806	0.015808
16.17472	0.016113
16.18112	0.016174
16.18764	0.015930
16.19417	0.016113
16.20070	0.015991
16.20723	0.016113
16.21376	0.016541
16.22028	0.016724
16.22681	0.016724
16.23334	0.016541
16.23987	0.016479
16.24640	0.016541
16.25292	0.016846
16.25945	0.016479
16.26598	0.016357
16.27251	0.017029
16.27904	0.016907
16.28556	0.016846
16.29209	0.016846
16.29875	0.016541
16.30528	0.016846
16.31168	0.016846
16.31820	0.016724
16.32473	0.016907
16.33126	0.017090
16.33779	0.017212
16.34432	0.017090
16.35084	0.017029
16.35737	0.017273
16.36390	0.017883
16.37043	0.018005
16.37696	0.018188
16.38348	0.018188
16.39001	0.018188
16.39654	0.018188
16.40307	0.018250
16.40972	0.018188
16.41612	0.018372
16.42265	0.018677
16.42918	0.018860
16.43571	0.018372
16.44236	0.018372
16.44876	0.018372
16.45529	0.018677
16.46182	0.018677
16.46848	0.018250
16.47500	0.018372
16.48140	0.018799
16.48793	0.018677
16.49446	0.018616
16.50112	0.018372
16.50752	0.018433
16.51404	0.019226
16.52057	0.019531
16.52710	0.019226
16.53376	0.019043
16.54016	0.018860
16.54668	0.019348
16.55321	0.019531
16.55974	0.019409
16.56640	0.018982
16.57292	0.019043
16.57932	0.018982
16.58585	0.018860
16.59238	0.018860
16.59891	0.019165
16.60544	0.019043
16.61196	0.019165
16.61849	0.019043
16.62502	0.019409
16.63155	0.019775
16.63808	0.019409
16.64460	0.019226
16.65113	0.019409
16.65766	0.019592
16.66432	0.019958
16.67072	0.019958
16.67724	0.019592
16.68377	0.019531
16.69030	0.019775
16.69683	0.019897
16.70348	0.019531
16.70988	0.019775
16.71641	0.019897
16.72294	0.019531
16.72960	0.019409
16.73600	0.019897
16.74252	0.019714
16.74905	0.019348
16.75558	0.018982
16.76211	0.019714
16.76876	0.020203
16.77516	0.019592
16.78169	0.019531
16.78822	0.020142
16.79475	0.019714
16.80128	0.019714
16.80780	0.019348
16.81433	0.019592
16.82086	0.019958
16.82739	0.019592
16.83392	0.019531
16.84057	0.020325
16.84697	0.020325
16.85350	0.020081
16.86003	0.019775
16.86656	0.019531
16.87321	0.020325
16.87974	0.020386
16.88627	0.019775
16.89280	0.019958
16.89920	0.020081
16.90572	0.019897
16.91225	0.020386
16.91878	0.019958
16.92531	0.020325
16.93184	0.020691
16.93836	0.020203
16.94489	0.020081
16.95142	0.020325
16.95795	0.020081
16.96448	0.020203
16.97100	0.020325
16.97753	0.020081
16.98406	0.020081
16.99059	0.020203
16.99724	0.019897
17.00364	0.020081
17.01017	0.020081
17.01670	0.019531
17.02323	0.019409
17.02976	0.019714
17.03628	0.019531
17.04281	0.019409
17.04934	0.019775
17.05587	0.019714
17.06240	0.019714
17.06892	0.019775
17.07545	0.020203
17.08198	0.020142
17.08851	0.019775
17.09504	0.019775
17.10156	0.019897
17.10809	0.019775
17.11462	0.020386
17.12115	0.020142
17.12780	0.019714
17.13433	0.020142
17.14073	0.020081
17.14726	0.020142
17.15379	0.020081
17.16032	0.020142
17.16684	0.020081
17.17350	0.020691
17.18003	0.020386
17.18643	0.020142
17.19296	0.020569
17.19948	0.020569
17.20601	0.020569
17.21254	0.020386
17.21907	0.020691
17.22560	0.020691
17.23212	0.020508
17.23865	0.020142
17.24531	0.020081
17.25184	0.020386
17.25824	0.020325
17.26476	0.019775
17.27129	0.019897
17.27782	0.019958
17.28435	0.019958
17.29100	0.020142
17.29740	0.019958
17.30393	0.020081
17.31046	0.020203
17.31699	0.020142
17.32364	0.020325
17.33017	0.020142
17.33657	0.020142
17.34310	0.020142
17.34963	0.020081
17.35616	0.019897
17.36268	0.019775
17.36934	0.019958
17.37587	0.019897
17.38227	0.019897
17.38880	0.020081
17.39532	0.019714
17.40198	0.020081
17.40838	0.020142
17.41491	0.020386
17.42144	0.020569
17.42796	0.020752
17.43449	0.020935
17.44102	0.021057
17.44755	0.020874
17.45408	0.020935
17.46060	0.020935
17.46726	0.021057
17.47379	0.021057
17.48019	0.021240
17.48672	0.020935
17.49324	0.020752
17.49977	0.020752
17.50630	0.020874
17.51283	0.021057
17.51948	0.021118
17.52588	0.021301
17.53241	0.021423
17.53894	0.021545
17.54547	0.021484
17.55200	0.021729
17.55852	0.021912
17.56505	0.022095
17.57171	0.022034
17.57824	0.022034
17.58464	0.022034
17.59116	0.021851
17.59769	0.021484
17.60422	0.021545
17.61075	0.021912
17.61740	0.021851
17.62393	0.021912
17.63046	0.021912
17.63699	0.022034
17.64352	0.022217
17.64992	0.022095
17.65644	0.022034
17.66297	0.022034
17.66963	0.022034
17.67616	0.022095
17.68256	0.022095
17.68908	0.022034
17.69561	0.021912
17.70214	0.021729
17.70867	0.021423
17.71520	0.021423
17.72172	0.021301
17.72825	0.021057
17.73478	0.020935
17.74144	0.020874
17.74796	0.020691
17.75449	0.020691
17.76102	0.020874
17.76755	0.020691
17.77408	0.020691
17.78060	0.020569
17.78713	0.020325
17.79366	0.020325
17.80019	0.020142
17.80672	0.020081
17.81312	0.020081
17.81964	0.020081
17.82630	0.020142
17.83270	0.020142
17.83923	0.020142
17.84576	0.020203
17.85228	0.020203
17.85881	0.020081
17.86534	0.020325
17.87187	0.020569
17.87840	0.020508
17.88492	0.020508
17.89145	0.020691
17.89798	0.020386
17.90451	0.020325
17.91104	0.020569
17.91756	0.020203
17.92409	0.020203
17.93075	0.020203
17.93728	0.019958
17.94380	0.019775
17.95020	0.019897
17.95673	0.020142
17.96326	0.019897
17.96992	0.019592
17.97644	0.019409
17.98297	0.019348
17.98937	0.019348
17.99590	0.019348
18.00243	0.019409
18.00896	0.019348
18.01548	0.019165
18.02201	0.019226
18.02854	0.019043
18.03507	0.018860
18.04160	0.019165
18.04812	0.018860
18.05465	0.018982
18.06118	0.018799
18.06771	0.018433
18.07436	0.018799
18.08089	0.018677
18.08742	0.018433
18.09382	0.018616
18.10035	0.018982
18.10688	0.018677
18.11340	0.018677
18.12006	0.018982
18.12659	0.018616
18.13312	0.018982
18.13952	0.018982
18.14604	0.018616
18.15257	0.018799
18.15910	0.018677
18.16576	0.018555
18.17228	0.018677
18.17881	0.018555
18.18534	0.018372
18.19187	0.018372
18.19827	0.018433
18.20480	0.018372
18.21132	0.018677
18.21798	0.018555
18.22451	0.018372
18.23091	0.018799
18.23744	0.018677
18.24396	0.019043
18.25049	0.019348
18.25702	0.019165
18.26355	0.018982
18.27008	0.018799
18.27660	0.018860
18.28326	0.018860
18.28979	0.018982
18.29632	0.019043
18.30284	0.019165
18.30937	0.018982
18.31590	0.018982
18.32243	0.019043
18.32883	0.018860
18.33536	0.018677
18.34188	0.018982
18.34854	0.019043
18.35494	0.019043
18.36147	0.019165
18.36812	0.018982
18.37465	0.018860
18.38105	0.019043
18.38758	0.018982
18.39411	0.018677
18.40076	0.018555
18.40729	0.018616
18.41369	0.018616
18.42022	0.018677
18.42675	0.018433
18.43328	0.018433
18.43980	0.018555
18.44633	0.018372
18.45286	0.018372
18.45952	0.018250
18.46604	0.018372
18.47257	0.018188
18.47897	0.018066
18.48550	0.017700
18.49203	0.017700
18.49868	0.017822
18.50521	0.017639
18.51161	0.017883
18.51814	0.017700
18.52467	0.017639
18.53120	0.017517
18.53772	0.017456
18.54425	0.017456
18.55078	0.017639
18.55744	0.017456
18.56396	0.017334
18.57049	0.017883
18.57702	0.017700
18.58355	0.017639
18.59008	0.017822
18.59660	0.017639
18.60313	0.017822
18.60966	0.017883
18.61619	0.018066
18.62259	0.017883
18.62912	0.017883
18.63577	0.017822
18.64217	0.018005
18.64870	0.018066
18.65523	0.018005
18.66176	0.018066
18.66828	0.017822
18.67481	0.017456
18.68134	0.017639
18.68787	0.017517
18.69440	0.017700
18.70092	0.017822
18.70745	0.017334
18.71398	0.017456
18.72051	0.017700
18.72704	0.017456
18.73356	0.017517
18.74009	0.017456
18.74675	0.017334
18.75328	0.017334
18.75980	0.017334
18.76633	0.017334
18.77273	0.017273
18.77926	0.017029
18.78579	0.017212
18.79232	0.017639
18.79884	0.017212
18.80537	0.016907
18.81203	0.017029
18.81856	0.017273
18.82508	0.016846
18.83148	0.016907
18.83801	0.016724
18.84454	0.016907
18.85107	0.017029
18.85760	0.016846
18.86412	0.016907
18.87065	0.017029
18.87731	0.016846
18.88384	0.016846
18.89036	0.016907
18.89676	0.016479
18.90329	0.016541
18.90982	0.016479
18.91635	0.016296
18.92288	0.016296
18.92953	0.016479
18.93606	0.016357
18.94246	0.016296
18.94899	0.016174
18.95552	0.016113
18.96204	0.015930
18.96870	0.015808
18.97523	0.015747
18.98163	0.015808
18.98816	0.015991
18.99468	0.015930
19.00121	0.015747
19.00774	0.015564
19.01427	0.015808
19.02080	0.015686
19.02732	0.015747
19.03385	0.015686
19.04038	0.015320
19.04704	0.015564
19.05344	0.015747
19.05996	0.015747
19.06649	0.015381
19.07302	0.015808
19.07968	0.015564
19.08620	0.015503
19.09260	0.015564
19.09913	0.015503
19.10566	0.015503
19.11219	0.015381
19.11884	0.015564
19.12537	0.014954
19.13190	0.015381
19.13830	0.015137
19.14483	0.014832
19.15136	0.015198
19.15788	0.014832
19.16454	0.014648
19.17094	0.014404
19.17760	0.014465
19.18412	0.014160
19.19052	0.014465
19.19705	0.014221
19.20358	0.013977
19.21011	0.014160
19.21676	0.013977
19.22329	0.013977
19.22969	0.013794
19.23622	0.013794
19.24275	0.014038
19.24928	0.013977
19.25593	0.013794
19.26246	0.013794
19.26899	0.014038
19.27552	0.013794
19.28204	0.014038
19.28857	0.014038
19.29510	0.013977
19.30150	0.013977
19.30803	0.013794
19.31456	0.013855
19.32121	0.013672
19.32774	0.013977
19.33414	0.013855
19.34067	0.013855
19.34720	0.013855
19.35372	0.013977
19.36025	0.014160
19.36678	0.013855
19.37344	0.013977
19.37996	0.013977
19.38649	0.013855
19.39302	0.013855
19.39955	0.014038
19.40595	0.014038
19.41248	0.014221
19.41900	0.014038
19.42553	0.013977
19.43219	0.014160
19.43872	0.013977
19.44524	0.013855
19.45164	0.014160
19.45817	0.014160
19.46470	0.014160
19.47123	0.014221
19.47776	0.014160
19.48428	0.014221
19.49081	0.014343
19.49734	0.014038
19.50387	0.014465
19.51040	0.014404
19.51692	0.014038
19.52345	0.013855
19.53011	0.014221
19.53651	0.014343
19.54304	0.014343
19.54956	0.014160
19.55609	0.014221
19.56262	0.014404
19.56915	0.014465
19.57568	0.014343
19.58220	0.014160
19.58886	0.014404
19.59539	0.014587
19.60192	0.014465
19.60832	0.014038
19.61484	0.013977
19.62137	0.014160
19.62790	0.014343
19.63443	0.014343
19.64096	0.014404
19.64748	0.014160
19.65401	0.014221
19.66054	0.014038
19.66707	0.014160
19.67372	0.014343
19.68025	0.014221
19.68665	0.014160
19.69318	0.014160
19.69971	0.013977
19.70624	0.013794
19.71276	0.013672
19.71929	0.013855
19.72595	0.013855
19.73248	0.014038
19.73900	0.014038
19.74540	0.013672
19.75193	0.013672
19.75846	0.013672
19.76499	0.013489
19.77152	0.013794
19.77817	0.014038
19.78470	0.013611
19.79110	0.013977
19.79763	0.013855
19.80416	0.014038
19.81068	0.013855
19.81721	0.013977
19.82374	0.013977
19.83040	0.013977
19.83692	0.013794
19.84332	0.014160
19.84985	0.013855
19.85638	0.013611
19.86304	0.013489
19.86944	0.013306
19.87596	0.013611
19.88249	0.013611
19.88902	0.013977
19.89555	0.013489
19.90208	0.013794
19.90873	0.013489
19.91526	0.013611
19.92166	0.013489
19.92819	0.013489
19.93472	0.013489
19.94124	0.013611
19.94777	0.013794
19.95430	0.013489
19.96083	0.014160
19.96736	0.013306
19.97388	0.014038
19.98041	0.013855
19.98707	0.014038
19.99360	0.013672
20.00012	0.014160
