0.10 2.06
0.20 -2.06
0.30 1.74
0.40 -1.63
0.50 1.69
0.60 -1.43
0.70 1.77
0.80 -1.63
0.90 1.59
1.00 -1.58
1.10 1.23
1.20 -1.06
1.30 1.20
1.40 -1.25
1.50 1.12
1.60 -1.06
1.70 1.10
1.80 -0.78
1.90 0.89
2.00 -0.57
2.10 0.66
2.20 -0.15
2.30 0.67
2.40 0.06
2.50 0.27
2.60 -0.10
2.70 -0.13
2.80 -0.11
2.90 0.06
3.00 -0.22
3.10 -0.09
3.20 0.05
3.30 -0.17
3.40 -0.03
3.50 -0.08
3.60 0.34
3.70 -0.35
3.80 0.06
3.90 -0.49
4.00 0.30
4.10 -0.68
4.20 0.68
4.30 -0.38
4.40 0.44
4.50 -0.38
4.60 0.73
4.70 -0.41
4.80 0.59
4.90 -0.64
5.00 0.30
5.10 -0.36
5.20 1.10
5.30 -0.58
5.40 0.82
5.50 -0.70
5.60 0.76
5.70 -0.31
5.80 0.37
5.90 -0.50
6.00 0.46
6.10 -0.50
6.20 0.44
6.30 -0.51
6.40 0.58
6.50 -0.43
6.60 0.57
6.70 -0.57
6.80 0.53
6.90 -0.47
7.00 0.43
7.10 0.09
7.20 0.64
7.30 -0.59
7.40 0.30
7.50 -0.34
7.60 0.45
7.70 -0.22
7.80 0.11
7.90 -0.47
8.00 0.30
8.10 -0.46
8.20 0.16
8.30 -0.13
8.40 0.00
8.50 -0.34
8.60 0.04
8.70 -0.11
8.80 -0.22
8.90 0.02
9.00 0.13
9.10 -0.06
9.20 0.10
9.30 0.31
9.40 0.07
9.50 -0.27
9.60 -0.02
9.70 0.30
9.80 -0.22
9.90 0.13
10.00 -0.47
