0.10 0.18
0.20 0.09
0.30 1.25
0.40 0.07
0.50 0.12
0.60 1.28
0.70 1.97
0.80 1.16
0.90 1.11
1.00 1.84
1.10 1.27
1.20 2.27
1.30 2.83
1.40 2.69
1.50 1.77
1.60 2.60
1.70 2.85
1.80 4.04
1.90 3.71
2.00 3.34
2.10 4.12
2.20 3.04
2.30 3.48
2.40 4.43
2.50 4.55
2.60 4.22
2.70 4.15
2.80 3.65
2.90 4.34
3.00 3.58
3.10 4.29
3.20 4.14
3.30 4.56
3.40 3.75
3.50 4.25
3.60 4.29
3.70 3.40
3.80 3.86
3.90 4.51
4.00 3.69
4.10 3.40
4.20 3.68
4.30 3.21
4.40 3.46
4.50 3.04
4.60 2.97
4.70 3.08
4.80 3.38
4.90 2.78
5.00 3.22
5.10 1.22
5.20 1.84
5.30 2.01
5.40 1.29
5.50 0.89
5.60 1.65
5.70 1.46
5.80 1.10
5.90 0.96
6.00 0.13
6.10 0.12
6.20 0.11
6.30 -0.38
6.40 -0.07
6.50 0.75
6.60 -0.87
6.70 -0.50
6.80 -1.54
6.90 -0.54
7.00 -1.89
7.10 -1.48
7.20 -2.08
7.30 -1.69
7.40 -2.11
7.50 -2.31
7.60 -0.97
7.70 -2.92
7.80 -2.77
7.90 -1.55
8.00 -3.60
8.10 -2.88
8.20 -3.81
8.30 -2.87
8.40 -3.32
8.50 -3.25
8.60 -3.80
8.70 -3.62
8.80 -3.07
8.90 -5.00
9.00 -4.73
9.10 -3.74
9.20 -4.30
9.30 -4.14
9.40 -4.75
9.50 -4.45
9.60 -4.19
9.70 -4.33
9.80 -4.36
9.90 -4.10
10.00 -4.31
