156.32
157.32
155.30
156.03
157.62
156.79
155.96
156.02
156.89
157.84
156.55
155.62
154.73
158.53
157.32
156.51
157.69
158.64
157.81
156.23
156.46
156.52
154.82
156.45
156.79
158.29
156.28
158.01
157.23
157.12
156.12
156.75
158.18
157.01
154.55
158.11
158.09
158.01
156.35
157.75
157.16
156.60
157.22
157.84
157.67
159.42
157.46
156.64
156.99
156.89
156.21
156.31
156.47
157.94
157.93
156.93
157.21
156.58
156.91
157.68
157.00
157.08
157.47
156.32
158.54
157.13
157.41
156.08
156.42
156.56
156.50
157.34
157.25
157.43
159.25
156.70
157.32
156.92
157.70
156.89
156.24
156.52
156.25
156.89
155.08
157.73
158.18
158.17
155.63
158.00
156.37
158.06
156.63
156.66
158.38
157.73
155.95
156.55
157.03
156.42
156.69
157.72
157.16
156.81
157.85
158.10
157.35
155.53
158.54
157.30
156.97
156.80
156.03
157.12
156.38
157.96
158.09
157.29
156.32
157.93
158.54
157.05
157.30
157.21
158.53
157.66
156.78
156.59
157.62
158.64
157.90
156.57
156.56
156.84
157.36
157.79
155.63
156.97
158.20
158.65
157.52
155.61
156.68
155.86
155.28
158.29
159.14
156.48
155.09
156.78
156.87
156.83
157.13
157.55
157.33
158.70
156.98
156.60
157.71
156.72
157.67
155.87
156.13
156.28
156.96
158.11
155.84
157.54
157.45
158.91
156.15
157.64
156.23
156.46
158.07
157.89
158.87
158.01
157.46
156.96
157.10
157.02
157.53
157.89
157.33
155.48
156.74
156.36
157.63
156.80
157.08
156.37
157.54
157.03
158.14
155.11
157.62
157.79
156.11
156.23
156.55
156.24
157.73
156.37
156.99
155.86
156.85
155.82
159.67
156.78
157.17
156.79
158.99
156.88
156.39
156.19
156.33
154.76
159.24
156.79
157.43
157.21
158.49
156.27
157.21
154.46
159.25
157.09
157.76
155.75
155.22
156.16
157.74
156.60
156.71
157.40
156.65
156.51
157.07
156.51
156.56
157.16
158.70
157.19
156.13
157.84
156.90
156.73
156.54
157.53
156.87
155.96
155.42
155.21
157.03
157.75
155.85
157.38
157.54
157.17
154.90
155.26
158.27
156.24
155.76
157.35
155.49
157.03
157.97
157.51
157.05
157.26
157.92
158.10
155.99
158.38
156.70
157.14
154.71
157.31
156.45
156.54
157.12
156.88
154.68
159.20
153.96
156.59
157.89
156.42
156.84
157.27
154.21
158.72
155.86
157.57
156.62
158.55
157.06
155.62
157.41
156.17
157.22
157.94
156.53
155.00
158.29
156.01
157.91
158.60
155.53
157.68
157.34
156.51
154.73
155.95
158.75
155.85
155.75
157.34
157.02
159.17
155.55
157.63
157.98
156.20
157.39
156.13
156.42
157.52
159.16
155.89
156.90
158.32
158.59
156.62
156.72
156.96
156.06
156.45
156.91
156.72
156.26
156.10
156.33
156.79
156.94
156.72
157.10
155.95
157.25
158.47
155.89
157.73
156.47
157.82
157.96
156.36
157.26
156.65
157.53
156.87
157.64
156.92
156.01
156.97
156.97
154.18
155.88
156.05
157.72
156.74
157.98
155.63
157.00
159.76
156.43
157.85
158.13
155.76
158.16
157.26
156.11
156.38
156.53
158.40
158.83
155.65
158.54
156.59
159.18
157.73
158.68
158.26
156.77
154.40
157.38
156.44
156.61
156.00
158.94
156.93
155.54
158.53
157.28
157.52
157.06
157.58
155.47
156.94
155.60
156.72
157.20
156.98
155.89
155.08
154.15
156.36
157.54
156.25
155.81
157.12
157.74
156.14
156.86
155.68
156.05
156.02
157.84
157.56
157.89
156.62
157.05
157.42
157.81
155.97
157.92
156.57
157.33
154.98
157.95
156.35
156.29
157.58
155.29
157.88
158.26
159.01
157.54
157.53
157.05
157.43
156.94
156.97
156.34
155.82
157.04
155.47
156.85
157.00
158.31
157.58
156.60
156.31
157.32
156.58
157.86
158.72
156.47
157.16
155.91
157.65
157.15
157.29
158.84
156.41
156.53
156.32
156.17
157.79
158.06
156.16
156.98
156.75
157.80
156.73
155.93
155.86
157.44
155.10
157.74
157.62
157.65
157.49
157.10
157.75
157.47
156.29
156.28
158.73
156.58
156.32
156.19
157.28
157.91
158.29
156.27
157.94
157.12
156.51
156.18
158.09
156.53
157.51
157.63
157.59
157.89
157.97
158.98
155.94
157.32
155.54
157.26
156.56
156.74
156.98
158.02
156.88
157.23
156.37
156.50
157.20
155.48
157.53
156.44
157.77
156.39
156.93
155.34
157.20
157.91
155.73
154.95
156.88
155.94
155.97
154.25
157.23
157.36
155.44
157.70
156.60
155.37
155.87
157.80
157.30
157.95
155.70
157.03
155.36
159.43
156.33
156.96
157.52
155.59
159.72
157.71
156.91
156.41
157.19
156.55
157.99
156.01
157.20
156.03
157.96
157.30
156.53
156.81
155.13
157.21
156.90
155.71
156.50
157.09
154.51
159.36
155.30
155.61
156.90
156.04
157.88
158.72
156.16
156.75
155.71
157.07
158.60
155.70
156.18
158.27
154.91
157.53
157.17
158.11
157.07
156.99
158.92
157.76
156.02
154.96
157.18
155.59
156.21
157.70
156.93
157.58
155.98
159.64
157.48
157.14
155.54
157.67
158.84
157.69
156.59
157.51
157.53
158.25
157.05
158.07
157.40
157.92
157.99
157.41
157.84
156.33
155.88
156.46
157.46
156.29
156.17
157.03
155.68
156.23
155.60
156.72
157.48
157.51
157.62
154.98
157.65
157.02
157.67
156.19
156.44
156.09
156.06
156.02
156.91
156.03
156.91
156.00
158.23
158.58
156.25
158.04
156.06
155.64
156.24
157.33
156.04
157.29
157.28
157.50
155.54
158.30
158.21
155.14
158.52
155.74
156.63
156.57
156.89
156.51
156.13
157.11
157.87
158.80
157.13
158.41
157.51
156.83
158.62
157.34
158.10
156.79
158.99
158.11
156.84
157.49
159.02
157.30
156.89
158.36
154.42
156.66
156.93
157.93
158.34
155.68
157.42
157.84
155.97
157.25
158.20
157.09
157.73
156.36
156.57
156.02
154.14
157.54
157.33
157.67
157.53
155.67
157.29
157.56
156.89
156.93
158.08
158.98
155.59
158.36
156.68
156.40
156.09
158.84
157.64
156.30
157.47
154.95
158.04
156.43
157.44
156.82
158.28
156.75
157.81
155.86
156.83
157.03
158.88
157.39
158.68
156.20
157.10
157.27
157.88
156.79
156.52
158.42
155.01
156.99
156.80
156.81
158.67
158.32
157.48
155.17
156.13
155.47
156.60
158.32
155.74
157.10
155.59
157.05
157.07
156.94
157.55
154.14
156.96
155.91
155.84
158.82
159.35
157.80
156.41
157.13
156.20
157.16
158.79
157.84
157.53
157.82
157.45
157.45
157.94
157.82
158.21
157.54
155.18
155.67
157.25
157.66
155.52
155.98
158.13
158.23
156.25
157.53
157.50
157.96
157.02
156.58
157.34
155.62
156.75
156.92
156.57
158.26
157.17
155.72
155.78
157.63
155.67
154.54
157.99
156.52
157.63
156.44
157.03
156.95
156.37
156.58
157.74
156.50
156.34
156.13
157.83
157.38
156.81
159.62
157.41
157.41
155.65
157.06
158.23
157.13
157.21
157.82
155.46
157.13
157.25
157.07
156.95
157.79
157.08
157.47
157.30
158.35
157.57
155.42
157.74
156.52
155.09
159.31
156.27
156.43
156.65
156.70
157.82
156.12
157.94
158.29
156.28
157.27
159.23
157.72
156.95
155.58
158.68
155.91
156.65
157.20
156.27
154.90
156.75
156.09
157.61
157.24
158.02
157.22
159.11
156.73
155.32
157.17
157.11
156.77
155.62
156.29
156.64
157.57
157.41
156.52
155.76
155.60
157.93
156.93
157.62
156.57
157.38
157.40
157.32
156.06
155.79
158.23
156.12
158.71
156.31
156.58
158.03
156.02
156.62
155.59
156.69
157.88
157.28
157.61
158.12
155.61
156.49
159.14
157.64
157.47
157.33
157.60
157.65
156.85
158.20
157.41
157.75
158.35
156.07
156.53
156.26
158.42
155.55
157.52
155.05
157.17
156.45
158.60
157.30
157.36
157.27
156.53
156.67
156.41
155.58
158.27
157.07
156.53
155.29
156.58
156.11
156.18
156.35
157.91
157.74
157.97
155.06
156.45
157.23
157.75
157.98
157.35
156.62
156.99
157.20
157.20
156.49
157.24
157.47
156.70
157.45
157.30
157.48
156.83
155.13
157.51
157.27
157.08
157.92
157.87
157.22
155.73
158.22
156.30
157.64
156.16
157.46
156.50
158.87
157.64
158.80
155.66
156.96
155.73
155.16
158.29
157.14
157.03
156.83
158.10
156.61
157.08
157.03
156.51
156.94
158.49
158.03
154.56
156.54
156.94
157.00
158.37
156.15
156.06
156.75
155.64
156.63
156.08
157.10
158.08
157.68
156.34
157.26
157.90
157.50
157.66
156.94
155.53
156.12
158.62
158.09
158.16
157.62
157.30
156.20
157.43
157.05
154.67
158.73
158.45
156.98
158.59
156.38
155.93
156.34
156.96
158.71
157.98
156.54
156.20
158.11
156.87
156.53
157.61
157.75
157.05
158.19
157.68
158.31
156.07
158.44
156.07
156.30
157.01
158.12
156.51
156.90
155.78
157.82
156.12
157.26
155.95
155.01
156.18
158.01
156.35
156.77
156.56
156.91
159.05
158.19
157.11
156.65
157.98
155.21
157.01
155.95
156.28
156.87
157.45
155.56
157.67
156.10
156.46
158.27
155.12
156.57
156.55
158.26
155.42
157.00
157.50
157.04
156.57
157.47
156.01
157.24
156.21
157.26
156.14
156.51
157.06
157.80
156.72
155.77
157.48
157.38
157.77
157.33
156.98
157.48
155.18
157.70
157.53
157.14
156.56
156.50
157.02
157.75
157.65
156.24
156.95
157.82
156.78
157.06
156.19
157.00
155.33
156.56
156.86
161.64
156.55
156.47
156.50
157.84
155.58
156.74
157.02
156.54
157.56
158.55
154.86
157.21
158.55
157.60
159.71
155.75
157.21
157.57
157.91
158.40
158.84
156.05
156.91
157.08
156.73
157.11
157.16
155.19
156.17
156.24
157.61
155.99
158.11
155.44
157.29
156.21
156.68
156.99
158.56
156.99
156.87
156.03
156.29
157.28
156.80
157.88
155.29
155.61
156.18
156.63
156.80
156.81
155.72
155.59
156.82
157.22
158.42
156.55
157.17
155.96
155.81
157.64
155.94
155.36
158.73
157.34
157.58
157.64
156.49
155.80
158.62
157.55
157.19
157.08
157.52
158.10
157.20
157.46
157.33
156.49
157.08
156.10
158.31
155.32
157.37
157.30
156.21
158.20
156.52
155.89
156.61
157.92
157.46
157.11
157.46
155.75
156.63
157.36
159.03
156.95
157.26
157.64
157.28
158.28
156.72
157.23
156.69
156.70
157.46
157.88
158.97
155.83
155.92
157.91
156.85
157.04
156.05
157.61
157.61
156.39
157.01
154.81
157.66
158.57
157.32
157.22
155.77
157.67
156.56
157.47
157.97
157.25
155.80
155.29
156.08
155.23
157.71
155.47
158.95
155.38
156.09
156.87
158.25
157.19
154.83
155.42
159.66
156.50
156.88
156.24
158.49
155.99
156.39
155.85
155.83
158.62
158.43
157.29
157.33
157.73
155.80
156.19
158.37
158.03
157.09
155.75
156.24
158.88
156.27
158.14
157.85
158.14
157.77
155.20
157.04
158.04
158.30
157.33
157.63
156.79
156.09
158.06
155.89
156.39
157.32
157.66
157.57
158.20
156.17
157.67
156.98
158.29
155.84
159.70
156.82
154.94
157.41
156.92
158.61
156.68
155.86
157.06
155.02
157.90
156.00
157.98
156.19
157.65
159.03
157.19
157.72
154.91
156.51
157.02
155.44
156.15
156.98
157.14
156.26
158.28
155.80
157.20
156.16
155.26
157.25
157.06
157.25
160.88
156.29
154.91
157.54
157.79
159.05
157.02
157.20
155.71
154.40
156.18
156.51
158.08
156.39
156.25
157.16
156.46
157.49
157.24
157.08
157.27
156.90
158.03
156.69
157.88
155.42
156.21
156.91
155.94
157.21
155.17
157.20
156.76
157.76
158.41
157.22
158.53
155.74
157.62
156.69
155.49
156.27
157.71
156.46
157.57
156.51
157.14
155.53
156.80
158.78
156.47
157.97
156.01
155.74
156.41
155.35
156.61
158.29
156.94
156.18
155.82
155.84
155.85
155.51
158.75
156.64
157.12
157.12
158.08
157.01
157.07
157.55
157.37
155.69
156.79
156.49
157.24
156.59
158.03
155.98
156.94
157.80
157.21
157.15
155.91
157.67
156.74
158.28
156.48
159.44
156.67
157.42
157.10
157.88
155.41
157.13
155.14
156.32
157.02
158.03
157.35
158.42
156.47
155.93
156.28
155.80
158.73
154.47
157.02
157.38
156.87
157.37
157.95
156.49
155.28
158.92
