-6.52
-6.13
-5.50
-5.94
-6.50
-6.68
-6.86
-6.92
-5.77
-5.86
-5.94
-5.67
-5.81
-6.36
-6.30
-6.64
-5.88
-6.58
-5.87
-5.51
-7.09
-6.07
-6.41
-5.75
-6.58
-6.33
-5.71
-6.06
-6.07
-6.00
-5.39
-6.57
-6.96
-5.96
-6.93
-4.96
-5.72
-6.58
-6.11
-6.79
-5.49
-6.60
-5.72
-5.53
-5.92
-7.04
-5.25
-6.37
-5.02
-6.13
-5.48
-5.98
-5.19
-4.81
-5.81
-5.76
-6.70
-6.05
-6.16
-5.68
-6.23
-5.39
-4.99
-6.76
-5.82
-5.77
-5.80
-5.03
-5.39
-5.43
-5.55
-5.18
-6.44
-5.28
-5.45
-4.71
-5.76
-5.38
-5.46
-6.29
-6.10
-4.57
-5.98
-5.27
-6.27
-5.02
-6.62
-5.86
-5.33
-5.42
-6.03
-5.44
-5.33
-5.22
-5.09
-5.63
-5.23
-4.84
-6.51
-5.56
-4.53
-5.73
-5.91
-5.69
-5.86
-5.04
-4.79
-5.87
-5.18
-5.02
-5.48
-5.15
-5.54
-5.56
-4.73
-5.02
-6.04
-5.71
-5.30
-5.11
-5.77
-6.00
-5.25
-5.71
-4.94
-4.71
-5.42
-4.29
-5.59
-5.51
-5.21
-4.73
-4.95
-5.33
-5.66
-5.21
-5.81
-4.76
-3.86
-4.54
-4.78
-6.06
-5.40
-4.99
-5.08
-4.83
-3.90
-4.73
-5.27
-4.83
-4.08
-4.74
-4.86
-4.06
-4.51
-5.20
-4.11
-3.99
-4.67
-5.56
-5.04
-5.63
-4.89
-5.61
-5.27
-4.99
-4.78
-4.72
-4.50
-4.73
-5.41
-4.80
-4.73
-5.02
-5.15
-4.06
-5.51
-5.34
-4.62
-5.55
-4.94
-3.94
-5.68
-4.14
-4.26
-5.06
-4.31
-4.37
-4.33
-5.17
-4.82
-4.27
-5.16
-4.78
-5.05
-5.00
-3.83
-4.16
-5.23
-4.32
-4.89
-4.10
-4.90
-4.74
-4.18
-4.59
-4.24
-3.96
-4.79
-4.35
-3.89
-4.46
-3.95
-3.51
-3.73
-4.48
-4.19
-5.45
-3.86
-4.89
-4.54
-3.70
-4.51
-4.79
-4.96
-3.48
-4.36
-4.95
-4.82
-4.13
-3.28
-3.77
-4.86
-3.96
-4.21
-3.98
-4.90
-5.47
-4.89
-4.44
-3.85
-4.12
-3.70
-4.70
-4.25
-3.57
-4.46
-4.77
-4.90
-4.50
-3.84
-3.45
-3.22
-4.20
-3.61
-3.82
-4.27
-3.97
-4.59
-3.66
-3.66
-4.48
-4.12
-4.28
-4.54
-4.38
-3.22
-3.60
-3.71
-3.47
-4.41
-4.54
-4.08
-4.53
-3.98
-3.64
-3.58
-4.11
-3.79
-3.56
-3.58
-3.56
-3.48
-4.37
-2.83
-3.81
-3.83
-4.17
-4.43
-3.69
-4.12
-3.78
-3.21
-3.55
-4.00
-3.30
-3.51
-4.77
-2.79
-4.39
-3.41
-3.36
-3.89
-3.54
-4.02
-3.80
-3.21
-4.39
-3.76
-4.39
-2.71
-3.65
-4.13
-3.26
-4.11
-3.88
-3.84
-3.39
-3.56
-2.90
-4.02
-3.23
-3.33
-2.24
-3.22
-3.82
-2.93
-3.01
-3.95
-4.76
-3.86
-3.40
-3.91
-3.90
-4.07
-3.66
-3.72
-3.55
-2.53
-2.33
-2.16
-3.05
-4.03
-3.38
-3.35
-3.26
-3.85
-2.52
-3.26
-3.36
-2.95
-3.54
-3.64
-3.36
-3.25
-3.59
-3.48
-3.94
-3.79
-3.82
-2.79
-3.22
-4.23
-3.31
-2.75
-2.90
-2.30
-3.73
-3.91
-2.82
-2.84
-2.60
-4.04
-2.86
-2.99
-3.25
-2.77
-2.71
-4.27
-4.00
-2.93
-3.20
-3.30
-3.03
-4.04
-2.77
-2.72
-2.86
-3.17
-3.05
-3.65
-3.44
-3.30
-3.45
-3.01
-3.26
-2.90
-3.49
-3.57
-2.81
-2.37
-2.79
-2.83
-3.04
-2.49
-2.23
-2.36
-2.59
-3.03
-3.42
-2.54
-2.27
-2.57
-1.73
-2.97
-2.69
-1.94
-2.63
-2.25
-2.73
-1.80
-2.86
-3.42
-1.98
-3.49
-2.56
-2.43
-3.19
-3.05
-2.15
-2.38
-2.58
-2.53
-3.18
-2.10
-2.73
-3.35
-2.16
-2.32
-2.39
-1.77
-2.18
-1.92
-1.81
-3.34
-2.66
-2.56
-2.27
-2.46
-2.97
-3.38
-2.71
-2.26
-2.42
-2.70
-2.18
-3.03
-1.96
-2.82
-3.52
-2.58
-2.05
-2.30
-1.70
-1.30
-2.42
-1.84
-2.34
-2.35
-2.35
-2.39
-1.51
-2.69
-2.48
-1.88
-2.31
-1.79
-2.48
-2.35
-1.99
-2.30
-1.84
-2.32
-2.35
-2.23
-2.35
-1.95
-2.52
-2.77
-2.68
-2.13
-2.50
-2.66
-2.82
-2.16
-2.32
-1.57
-2.16
-2.51
-2.56
-1.81
-2.25
-1.74
-2.59
-2.51
-1.60
-1.65
-1.78
-0.84
-1.58
-1.85
-1.93
-1.59
-3.10
-1.48
-1.66
-1.88
-1.68
-2.40
-2.55
-1.84
-0.74
-1.90
-1.43
-2.19
-2.14
-1.86
-1.89
-1.97
-1.41
-1.92
-2.19
-1.47
-1.65
-2.25
-0.86
-2.29
-1.10
-0.66
-1.62
-1.78
-1.99
-2.31
-2.34
-2.13
-2.34
-1.78
-1.79
-1.54
-1.97
-1.51
-1.25
-0.56
-0.93
-1.39
-1.05
-0.99
-2.10
-1.21
-1.65
-1.69
-1.96
-1.20
-1.05
0.05
-1.45
-1.95
-1.24
-0.75
-1.43
-2.10
-1.52
-1.63
-0.96
-1.15
-0.63
-0.92
-1.18
-1.14
-0.34
-1.69
-0.94
-1.16
-0.91
-1.65
-0.97
-0.92
-1.84
-0.94
-1.24
-0.52
-1.71
-0.89
-1.73
-1.21
-1.28
-0.98
-0.57
-0.95
-1.18
-1.33
-1.70
-1.74
-0.77
-1.17
-0.26
-1.72
0.15
-0.57
-0.89
-0.38
-0.36
-1.57
-1.02
-1.18
-1.23
-1.37
-0.65
-0.77
-1.04
-0.79
-1.27
-1.11
-0.49
-1.47
-1.50
-1.25
-0.24
-0.67
-1.52
-1.16
-0.58
-0.82
-0.71
0.09
-0.84
-0.40
-0.65
-1.76
-1.36
-0.86
-0.04
-1.62
-1.20
-1.25
-1.58
-1.34
-0.26
-1.12
-0.85
-1.59
-0.17
0.24
-1.06
-1.18
-0.43
-1.08
-0.55
-1.97
-1.06
-0.37
-0.19
-0.51
-0.52
-1.24
-0.46
-1.21
-0.62
-0.04
-0.45
-0.53
-0.48
-0.37
-0.06
-0.02
-0.83
-1.33
-0.04
-1.29
-0.69
-0.40
-0.15
-1.04
-1.14
-1.07
-0.67
0.45
-0.58
-0.38
0.17
-0.12
-0.38
-0.60
-0.96
-1.03
-0.48
-1.09
-0.26
-0.89
-0.70
-0.58
-0.58
0.76
-0.26
-0.15
-0.86
-0.00
-0.13
-0.50
-0.23
-0.70
-0.74
-0.66
-0.18
-0.56
0.00
-0.33
0.69
0.49
0.58
0.27
-0.14
-0.23
-0.64
-0.89
0.15
-0.28
0.14
-0.04
0.27
-0.20
-0.51
0.17
-0.22
-0.43
0.28
0.47
0.07
-0.27
-1.08
-0.19
-0.56
-0.30
-0.01
1.27
-0.05
-0.21
-0.42
-0.47
-0.26
0.75
-0.81
-0.14
-0.42
0.63
0.89
-0.03
-0.39
-0.56
0.90
-0.09
0.68
0.73
-0.44
0.74
-0.02
0.03
0.13
-1.22
0.47
-0.86
0.05
0.11
0.54
-0.36
-0.53
-0.43
-0.02
0.27
1.01
0.75
0.42
0.81
0.01
0.16
0.81
0.45
0.82
0.68
0.83
0.61
0.96
0.39
1.02
-0.00
-0.08
0.55
0.49
0.71
-0.42
0.49
0.72
0.36
0.99
0.38
-0.23
0.81
0.82
0.63
0.54
0.70
1.06
0.94
0.17
1.35
1.22
0.54
0.63
0.46
0.68
0.49
0.95
0.78
0.97
0.57
0.74
0.95
1.91
0.23
0.59
0.96
0.86
0.84
2.55
0.82
0.44
0.60
0.66
1.37
1.11
0.48
1.03
0.79
0.67
1.37
0.61
1.30
1.20
0.87
0.93
0.99
1.16
1.12
2.11
0.87
0.80
1.83
1.60
0.63
1.18
0.98
1.14
1.30
1.31
0.98
1.59
1.28
1.78
1.14
1.14
1.19
1.04
1.06
1.31
1.73
1.37
1.11
2.66
0.81
1.37
1.99
1.05
1.06
0.90
2.52
1.80
1.73
1.96
1.41
1.65
1.48
1.40
0.68
1.23
0.95
1.02
0.77
1.47
0.92
1.93
1.76
2.21
1.88
0.83
1.10
1.14
0.95
1.04
1.10
0.62
0.91
1.29
1.37
2.68
1.46
2.04
1.60
1.31
1.36
1.69
1.90
1.21
2.16
2.82
2.28
0.86
1.46
2.35
1.76
1.58
0.68
1.73
1.06
1.82
1.57
1.98
2.06
2.37
1.90
1.17
0.42
1.62
2.63
1.52
2.38
1.32
1.82
1.36
2.05
1.77
2.48
0.83
1.96
2.17
1.67
1.97
1.42
1.68
1.97
2.18
1.73
2.32
1.97
2.26
2.30
1.75
2.80
2.12
2.08
1.56
1.74
2.02
1.75
2.49
2.32
1.69
2.32
2.59
2.03
0.96
1.80
2.25
2.00
2.49
2.29
2.41
2.62
2.43
1.31
2.27
2.91
1.62
1.56
2.17
1.63
3.28
2.52
2.21
3.20
2.88
2.41
2.02
3.19
2.11
1.81
1.83
2.61
2.51
2.17
2.41
2.74
2.43
2.26
2.09
1.92
2.40
2.59
2.02
2.58
1.42
1.69
2.07
2.58
2.43
2.54
1.90
2.70
2.79
3.77
2.87
1.93
2.26
2.33
2.15
2.37
2.85
2.92
2.34
2.95
2.58
2.49
2.42
2.06
3.45
2.57
2.89
3.04
2.71
2.60
3.58
2.81
2.74
2.34
2.58
3.48
1.56
3.26
2.07
3.12
2.58
3.90
2.72
2.29
3.02
2.42
3.14
2.22
2.79
2.91
2.87
2.84
2.40
2.77
2.30
3.02
2.94
3.00
2.96
2.71
3.58
2.72
2.57
2.94
3.09
2.81
3.42
2.90
3.50
4.02
3.63
3.25
3.30
3.26
2.87
2.86
3.66
3.14
2.67
3.17
3.71
3.07
3.53
3.34
3.34
2.37
3.32
3.46
4.02
3.49
3.18
2.82
3.93
3.31
3.96
3.41
3.99
2.76
3.29
3.08
2.92
2.76
3.16
3.54
2.62
3.80
2.57
3.03
3.27
3.31
4.41
3.32
3.07
2.79
2.16
3.44
3.91
3.74
3.34
3.02
3.86
3.41
3.37
3.45
3.86
3.57
3.63
3.78
3.57
4.07
3.51
3.42
3.58
4.18
4.00
4.05
3.62
4.04
3.98
4.30
3.39
3.46
3.51
3.24
4.03
3.69
2.65
3.54
3.67
3.79
3.44
4.20
3.23
4.75
3.56
3.89
3.85
3.83
3.87
3.83
3.29
4.03
2.97
3.73
4.04
5.00
3.66
3.06
3.96
3.85
3.26
3.61
4.33
3.63
3.44
4.16
3.68
4.64
4.76
3.53
4.13
2.99
4.76
4.13
3.68
4.17
4.36
3.94
4.14
4.19
4.25
4.19
4.52
3.64
4.09
3.99
4.03
4.17
4.19
4.14
4.58
4.48
4.85
4.02
3.79
5.08
3.95
3.77
4.48
3.94
3.81
4.32
4.70
4.26
4.32
4.55
4.11
4.58
4.17
3.23
4.67
4.88
4.18
4.52
4.58
5.17
4.91
3.92
4.87
4.26
4.84
5.01
4.66
3.79
3.15
5.40
3.93
4.49
4.14
5.08
4.26
5.36
4.69
4.58
5.17
4.97
4.98
4.80
4.65
3.72
4.84
4.58
4.79
4.96
4.27
4.13
4.85
4.28
4.37
5.71
4.22
4.24
5.05
4.65
5.54
4.60
4.15
3.93
4.69
4.72
4.33
5.54
3.84
4.36
5.18
3.59
4.58
3.89
5.06
5.29
4.74
5.36
4.43
5.24
3.93
4.72
5.19
4.68
4.09
5.20
5.25
5.59
5.45
4.51
5.29
4.25
5.29
4.45
6.04
5.19
4.68
4.66
5.02
5.35
4.95
5.05
5.62
5.11
4.30
4.59
4.68
5.43
4.66
4.79
4.63
4.37
5.22
4.71
4.37
4.64
4.11
6.73
5.30
5.38
5.59
4.65
5.28
4.10
5.13
5.68
5.28
5.65
4.47
5.20
4.65
4.94
5.14
5.44
5.34
4.91
4.36
4.82
6.47
4.86
5.43
5.58
4.62
5.57
5.76
4.94
5.91
5.52
5.43
5.07
5.81
5.10
5.05
5.48
5.28
4.26
5.08
5.45
5.63
6.36
6.09
4.57
5.87
5.66
4.99
5.68
5.98
6.36
4.97
4.69
6.08
5.02
4.77
5.24
5.94
5.17
5.52
4.91
5.99
5.58
5.88
5.95
5.76
6.07
6.27
6.04
6.12
5.91
6.62
5.72
5.85
5.83
6.40
5.92
6.29
5.42
6.21
5.62
6.18
5.90
5.69
5.35
6.17
7.01
6.39
5.55
6.60
6.52
6.34
5.92
5.88
6.48
5.60
6.35
5.64
6.80
6.59
6.14
6.20
5.63
5.68
5.87
6.82
5.88
5.08
7.13
5.95
6.65
5.64
6.39
6.58
5.99
6.58
6.66
6.61
5.91
6.10
5.78
6.26
5.74
5.76
7.57
6.09
6.02
6.18
5.51
5.30
6.41
6.36
6.66
6.97
6.83
5.88
6.92
6.24
6.38
6.15
5.81
6.33
6.33
6.08
6.13
5.94
7.12
7.46
5.39
7.54
6.44
6.75
6.24
7.17
6.29
6.83
5.45
5.93
5.80
5.96
6.19
